3.4641
2.95181
3.77597
4.26722
1.01732
4.68064
4.68064
4.68064
4.68064
4.53059
4.53059
4.53059
4.53059
4.53059
4.53059
4.53059
6.01145
5.86863
1.63956
3.01447
5.15756
5.15756
4.78833
1.37198
1.37198
1.37198
1.37198
1.37198
3.11091
3.11091
3.11091
3.11091
3.11091
4.64693
4.64693
4.64693
6.20124
6.20124
4.0739
4.18958
4.18958
4.18958
4.18958
4.18958
4.18958
5.684
6.48593
7.31527
8.26981
8.49017
8.49017
9.35158
8.98091
9.75472
9.75472
9.75472
9.75472
9.44551
7.13678
4.60139
4.60139
3.0846
3.0846
3.0846
3.0846
3.0846
3.0846
4.08362
2.16404
2.16404
2.9353
2.9353
5.31786
3.22434
4.38664
5.18401
5.18401
5.18401
4.75251
3.83555
3.83555
3.83555
3.83555
3.83555
3.83555
4.23747
4.23747
4.23747
4.23747
4.23747
4.23747
2.28235
1.73399
1.73399
4.16408
6.03047
6.09332
3.62333
3.62333
3.62333
3.62333
3.62333
2.36736
2.36736
2.36736
2.36736
2.36736
2.36736
2.36736
2.36736
4.24083
4.24083
4.24083
4.24083
4.24083
6.66415
7.42235
5.08888
5.08888
5.8038
6.41625
8.46169
7.10534
5.68151
6.32592
6.32592
3.26538
3.26538
3.26538
5.31801
5.31801
5.31801
7.80692
6.42623
7.18522
5.72292
5.72292
4.84917
3.20354
3.20354
3.20354
3.20354
3.20354
3.20354
3.20354
3.20354
3.20354
3.20354
2.42105
2.42105
2.42105
2.42105
1.38037
1.38037
1.38037
3.81179
3.81179
3.81179
3.81179
3.81179
3.9201
3.97644
4.1461
4.1461
6.2327
6.2327
6.2327
5.19941
6.67592
5.04108
6.27874
5.06407
3.27443
3.27443
3.27443
2.7061
2.31866
2.31866
2.31866
2.31866
2.31866
2.31866
2.31866
2.31866
2.31866
2.31866
2.31866
2.31866
2.31866
3.42288
4.51519
5.43178
5.43178
5.43178
6.19785
6.19785
4.58429
3.01292
1.79023
1.79023
1.79023
1.80388
1.80388
1.80388
1.80388
1.80388
1.80388
1.80388
1.80388
1.80388
1.80388
3.24064
3.24064
4.17126
4.17126
2.53465
1.68236
2.74132
2.74132
2.74132
2.74132
2.74132
2.74132
2.74132
3.68629
4.74863
3.54667
4.39966
4.31743
4.31743
3.90075
3.90075
3.90075
3.90075
3.06019
3.06019
3.06019
3.06019
3.06019
3.06019
4.59576
4.59576
4.59576
7.45878
7.45878
8.47109
7.73764
8.23352
7.28218
4.02597
6.80844
7.35818
5.79729
8.5115
8.11981
8.32382
6.22284
6.22284
6.22284
6.23576
5.52207
5.52207
5.52207
5.15706
7.01638
7.01638
7.01638
6.68029
6.68029
6.02218
6.02218
6.02218
6.02218
5.28772
5.28772
3.10144
4.22779
4.22779
4.22779
4.22779
2.2268
2.2268
2.2268
2.85502
2.85502
2.85502
2.85502
2.85502
2.85502
2.85502
4.78824
4.78824
4.7269
7.11343
5.61083
5.61083
5.61083
7.4142
7.4142
7.4142
8.26352
6.70393
6.70004
6.70004
4.16428
4.09099
4.09099
2.60956
2.60956
5.18222
5.6632
5.37008
4.96501
6.00488
6.00488
3.62164
6.06143
6.06143
6.06143
6.06143
6.06143
6.93811
6.5489
6.5489
5.37157
5.37157
5.37157
6.21198
4.94039
8.5918
8.5918
8.5918
8.10384
8.10384
5.28267
5.28267
5.28267
5.28267
6.83504
6.83504
6.83504
6.83504
5.93966
6.03252
6.03252
6.03252
4.48614
2.59488
2.59488
2.59488
4.42471
5.03928
3.58992
3.58992
3.58992
1.33025
3.39195
3.39195
3.39195
3.39195
4.11771
2.32888
2.32888
3.20332
3.20332
3.20332
5.29928
6.28222
4.02275
4.02275
4.02275
4.02275
4.02275
4.553
7.0434
6.51223
5.80528
7.38736
7.38736
7.38736
5.53318
5.53318
3.9076
3.9076
3.19288
1.99032
2.9427
5.06298
5.06298
5.06298
5.06298
3.61496
3.61496
3.61496
0.924696
0.924696
3.90807
3.90807
3.90807
2.69315
2.36806
2.36806
2.63257
2.63257
4.06757
4.06757
5.78707
6.46342
4.74753
5.99826
6.86062
6.86062
5.75574
5.75574
6.62523
6.62523
5.28004
5.28004
5.28004
5.28004
2.75354
2.75354
2.75354
2.75354
2.47492
2.47492
2.47492
3.17592
3.17592
3.17592
5.3606
5.3606
5.3606
3.49058
3.49058
3.49058
5.05466
4.72525
5.86817
4.52301
5.86823
5.86823
6.90023
6.06265
6.06265
6.06265
3.50937
3.50937
3.50937
3.50937
3.50937
4.11669
2.98087
2.98087
6.01856
5.56433
5.73891
5.73891
6.22617
6.22617
6.22617
6.70977
5.30678
4.44432
3.2517
3.2517
3.2517
5.00405
5.00405
4.76553
4.76553
4.76553
3.19745
1.64885
1.64885
1.64885
1.64885
1.64885
1.64885
4.07002
4.07002
2.33665
2.33665
2.33665
3.42443
3.42443
2.12651
2.12651
2.12651
2.12651
2.40833
2.40833
5.13146
5.13146
5.13146
5.13146
5.13146
4.73784
4.34679
4.34679
5.51898
5.51898
5.51898
5.51898
5.85786
4.74632
6.93474
4.3336
4.3336
3.19092
3.19092
3.19092
3.19092
4.58347
4.58347
6.5505
6.77093
6.77093
7.45161
6.36519
7.96914
8.33212
9.40215
9.40215
9.40215
8.69036
8.09668
6.1043
8.08498
8.08498
8.08498
8.08498
8.08498
7.53453
7.53453
7.53453
6.24063
5.74089
7.73827
4.65207
4.65207
4.65207
4.86011
4.86011
4.86011
4.86011
4.86011
6.46201
6.05925
4.87784
6.45943
6.45943
6.45943
7.2403
7.51465
7.67969
5.26874
5.26874
5.41574
6.74148
6.60596
6.60596
6.68813
6.68813
6.68813
4.79277
3.75385
3.75385
3.75385
3.65386
4.57871
4.57871
4.57871
2.45209
1.11597
1.11597
1.11597
2.34022
3.23745
3.23745
3.23745
4.89039
4.89039
4.89039
3.78238
3.7812
3.7812
4.69104
4.69104
4.69104
0.912481
3.67328
4.85997
4.85997
4.01029
4.99924
4.99924
6.49217
6.49217
3.8249
3.46337
4.69201
4.69201
1.70365
3.25145
0.737657
4.03583
4.03583
4.03583
5.7422
4.98655
4.98655
7.42101
7.34051
7.34051
9.49175
8.50372
8.49474
8.04306
7.74418
7.74418
6.81134
4.50599
4.50599
4.34321
6.18362
6.18362
6.80436
6.27966
3.78155
6.79486
5.91737
6.64576
6.64576
6.51129
6.51129
6.51129
6.51129
6.12858
1.94248
1.80239
3.74672
3.14754
3.14754
3.14754
3.14754
4.61741
4.61741
5.20412
5.20412
5.20412
5.8742
5.8742
5.8742
5.00796
5.00796
4.25354
4.25354
3.70368
3.70368
3.70368
5.888
5.888
7.38653
7.83112
7.83112
7.68255
7.68255
5.76629
6.8775
4.78832
6.042
6.042
5.64944
4.46761
3.81439
2.55563
2.55563
2.55563
2.55563
2.55563
2.55563
2.55563
2.55563
2.55563
2.55563
4.50336
5.42634
5.42634
2.45169
4.68806
4.68806
4.68806
5.23704
5.23704
2.63679
2.63679
3.44812
3.44812
3.44812
3.44812
3.44812
3.44812
3.44812
3.44812
5.69342
5.69342
5.69342
5.69342
7.15362
7.15362
6.77422
6.77422
6.77422
6.77422
7.08749
8.29307
8.29307
4.63157
4.63157
4.63157
3.47983
3.47983
3.47983
3.47983
3.47983
3.47983
4.37102
5.46134
7.75606
7.11196
8.77492
8.50211
8.50211
7.40546
7.40546
6.06017
6.06017
6.86881
6.60736
6.60736
7.08957
4.54156
4.72153
4.72153
3.15918
3.15918
2.69825
5.1166
3.17678
3.17678
3.17678
3.17678
3.17678
3.17678
3.17678
3.17678
3.17678
3.17678
3.64116
3.64116
1.53962
1.53962
1.53962
1.53962
4.10268
4.10268
4.10268
4.10268
4.5378
5.44983
5.44983
5.44983
5.5003
4.09559
2.54313
2.54313
4.56675
4.56675
5.72709
5.72709
5.72709
4.79668
6.58444
7.62049
7.62049
5.51222
5.51222
2.47919
2.47919
2.47919
2.47919
2.47919
2.47919
3.6273
3.6273
3.35555
3.35555
3.35555
3.35555
3.35555
3.35555
3.35555
3.35555
3.35555
3.35555
2.77189
2.77189
2.77189
3.20361
3.45628
3.45628
3.45628
3.45628
3.45628
3.45628
3.45628
3.45628
2.3869
2.3869
2.3869
2.3869
2.84827
2.46474
3.30384
3.30384
3.14698
4.37495
3.18057
2.02725
2.02725
2.02725
4.87768
2.89312
2.89312
3.4675
3.4675
3.4675
3.4675
3.4675
3.4675
3.4675
5.54124
6.98412
6.98412
6.87795
6.87795
8.09263
8.09263
8.09263
8.18352
8.18352
10.0001
10.0001
10.0001
11.1967
10.3198
8.88699
8.88699
9.44034
10.5133
10.5133
10.5133
10.5133
10.5133
10.5133
10.5133
8.65155
8.65155
9.09885
9.09885
9.09885
8.91779
10.6313
10.6313
11.7495
12.0153
9.7336
9.7336
9.7336
11.4243
9.52854
9.52854
9.52854
9.52854
9.52854
9.52854
9.60357
9.60357
9.60357
8.74538
8.74538
8.74538
8.74538
8.6076
8.6076
8.6076
8.6076
9.79475
9.79475
9.79475
9.79475
8.08946
8.08946
8.08946
6.46156
6.46156
6.67219
6.67219
6.67219
7.36213
5.36537
5.79913
6.49211
6.49211
3.81577
5.68094
3.87299
4.35923
4.35923
4.35923
4.02922
4.02922
4.02922
3.14055
6.21133
6.21133
6.21133
6.21133
5.58283
5.58283
5.95427
5.77866
5.77866
6.92813
7.98711
9.28553
9.28553
9.28553
7.85414
7.48731
4.89964
4.89964
3.91993
6.76872
6.76872
6.76872
6.74608
6.74608
6.74608
6.74608
6.17965
8.31424
8.31424
7.15667
7.15667
7.15667
6.61483
6.61483
6.61483
4.17631
4.15322
4.15322
4.47933
4.47933
2.45331
2.45331
3.92504
3.92504
3.92504
2.49902
2.88059
2.88059
2.88059
2.88059
2.88059
2.88059
2.88059
2.88059
2.88059
2.88059
2.88059
2.88059
1.1956
1.1956
1.84257
3.19308
4.2677
6.88157
3.74848
3.74848
1.13127
1.13127
2.32511
2.32511
2.32511
4.87032
4.87032
3.3206
3.3206
3.3206
3.3206
3.3206
5.35778
5.54702
5.54702
5.54702
5.54702
5.54702
5.54702
5.54702
5.54702
6.54637
5.93218
5.93218
3.95008
5.17605
5.17605
5.17605
5.17605
5.17605
5.17605
5.17605
5.93235
4.69571
4.69571
5.45116
5.45116
5.45116
5.45116
8.10875
8.10875
7.87216
4.99642
4.3866
4.3866
4.3866
5.83862
5.83862
5.83862
4.38585
5.18574
5.08165
5.08165
3.81684
3.81684
0.755422
0.755422
0.755422
1.7268
1.7268
1.59425
1.59425
4.91585
4.91585
4.91585
4.91585
4.7155
4.7155
4.7155
7.70511
9.31972
8.2416
7.34461
6.60995
6.60995
6.60995
6.60995
6.60995
6.60995
4.78859
4.78859
4.78859
4.57128
4.57128
4.79957
2.57408
4.1982
4.1982
5.60318
4.98829
4.98829
4.98829
5.04495
5.04495
5.63944
7.32879
7.32879
7.32879
9.3008
7.46619
7.70947
7.67953
7.67953
6.6617
8.38573
8.38573
7.25458
7.77904
7.77904
8.04472
5.75866
7.75511
9.036
9.036
7.38529
7.38529
5.71088
4.00044
2.45162
2.45162
2.45162
3.59883
3.59883
3.59883
3.59883
3.65061
5.54499
6.82615
8.77795
9.11478
9.11478
8.479
9.45548
11.0125
11.0125
10.9469
10.7996
8.53494
8.53494
9.29831
8.91674
8.91674
8.91674
8.91674
7.21536
6.65541
7.62727
7.62727
7.93811
7.84799
6.65202
6.74413
5.42376
7.17828
4.84748
4.6431
3.43549
3.43549
3.43549
3.43549
3.43549
3.03211
2.86938
2.86938
2.86938
2.86938
2.51368
2.98929
2.98929
2.98929
4.2924
2.61933
2.61933
3.27216
3.27216
3.27216
4.52763
4.52763
4.52763
5.09466
5.09466
5.09466
5.77822
3.99267
3.99267
3.99267
3.99267
1.41731
1.41731
2.66084
2.66084
2.66084
2.66084
2.66084
4.19959
4.19959
4.19959
4.19959
5.31213
3.46531
3.46531
3.46531
5.56417
5.65248
5.64801
4.27472
4.21173
4.11584
4.11584
5.8782
3.06041
4.64664
4.64664
4.64664
3.50083
2.83761
2.83761
3.67408
3.67408
7.05325
6.41432
6.41432
3.20576
4.92687
4.92687
4.92687
4.47989
4.41661
4.36447
4.36447
4.36447
4.96837
4.96837
3.25532
3.97023
3.97023
3.97023
4.0189
4.80776
4.80776
5.10465
2.71534
2.71534
2.71534
2.71534
2.71534
2.71534
2.71534
2.71534
2.71534
2.71534
2.71534
2.71534
2.71534
2.71534
2.71534
2.71534
2.71534
2.71534
2.71534
2.71534
2.71534
2.71534
4.19034
4.19034
4.19034
4.19034
5.59116
5.53408
5.53408
4.37314
4.37314
6.13108
5.94739
5.94739
6.46527
6.90375
4.32198
4.9991
4.9991
7.85804
7.85804
7.85804
7.85804
7.85804
7.85804
7.85804
7.85804
5.98661
3.46505
3.46505
3.46505
3.46505
2.89347
2.89347
2.89347
2.89347
2.89347
5.00422
2.32144
2.32144
2.32144
2.32144
2.72648
2.72648
2.35005
3.62476
3.62476
3.62476
3.62476
3.62476
0.903596
3.27117
3.27117
3.27117
4.48124
7.41091
6.27043
6.27043
6.27043
4.66184
4.66184
4.66184
4.66184
2.22767
2.22767
2.67194
2.67194
2.67194
3.71883
3.71883
2.09829
2.45923
1.9176
1.9176
0.798137
2.21129
2.21129
4.38994
4.38994
4.38994
4.1294
4.1294
1.57586
1.83609
1.83609
1.83609
2.8727
2.8727
2.8727
2.8727
2.8727
3.24931
4.76419
5.68072
9.29578
9.29578
10.332
10.332
10.332
10.332
9.25028
8.81125
8.81125
8.81125
10.9622
10.9622
7.54679
7.14818
5.68045
5.68045
8.38968
7.43684
7.43684
6.3433
4.77262
3.98547
3.98547
4.37251
4.37251
4.37251
2.43535
2.43535
2.43535
2.43535
2.58049
2.63235
2.63235
2.63235
2.63235
2.63235
3.0864
4.10774
4.10774
3.11513
3.11513
3.11513
3.11513
1.30416
1.30416
1.30416
1.30416
1.30416
4.8747
4.8747
4.8747
4.24815
4.24815
5.97278
5.97278
5.97278
5.97278
5.97278
4.8079
4.97461
4.97461
3.07729
3.07729
3.07729
3.07729
3.07729
3.89709
3.89709
3.89709
3.89709
3.89709
2.73431
2.73431
2.83516
4.83019
3.33353
3.33353
4.2657
4.2657
4.63986
4.63986
4.63986
4.63986
4.63986
4.63986
4.63986
4.63986
4.63986
6.59484
6.59484
6.59484
5.22546
3.42927
3.50332
3.50332
2.54236
2.29721
2.29721
2.29721
3.01923
3.01923
3.01923
5.76724
7.59332
7.59332
7.59332
6.36882
5.86482
3.55409
2.12116
2.12116
2.12116
2.12116
2.87228
5.44009
5.44009
5.44009
5.44009
5.44009
5.44009
6.48031
6.48031
6.48031
7.08986
5.32203
8.65807
9.00227
10.8078
10.8078
10.8078
10.8078
8.05782
8.05782
8.15634
8.15634
8.60325
8.60325
9.20359
9.20359
9.20359
8.17393
9.49625
11.0039
11.0039
11.0039
9.63693
9.63693
9.89585
9.89585
9.18002
10.7167
10.7167
10.7167
10.7167
10.7185
10.7185
9.35839
9.35839
9.23404
7.62057
7.62057
6.80134
5.95964
5.65351
5.65351
5.65351
5.65351
8.34948
8.11179
8.11179
7.53248
4.90707
4.90707
4.61222
4.61222
4.61222
4.61222
4.63465
4.63465
4.63465
5.60385
5.60385
5.60385
3.93796
3.26223
3.38165
3.38165
3.38165
3.38165
3.38165
3.38165
3.38165
4.31474
4.31474
4.31474
1.89738
1.89738
2.27745
2.27745
2.27745
2.27745
2.27745
2.27745
2.27745
1.9027
0.889471
2.73192
2.73192
1.56082
0.587317
2.93377
2.93377
2.08825
2.08825
2.08825
2.08825
2.08825
2.08825
2.08825
2.08825
1.8817
3.94917
3.94917
3.94917
3.94917
3.94917
0.890686
2.89953
2.16004
2.16004
2.16004
2.16004
2.16004
2.16004
2.16004
1.86876
1.24331
3.53408
3.53408
3.53408
3.53408
3.53408
3.53408
3.53408
3.79196
6.34809
5.12476
4.186
5.50419
5.50419
4.07791
4.07791
4.07791
4.07791
4.07791
4.07791
4.07791
4.07791
4.07791
4.07791
4.07791
3.35778
3.88062
3.88062
3.88062
3.35416
3.35416
4.93005
4.93005
3.33927
3.33927
3.33927
3.33927
3.33927
3.33927
3.33927
3.33927
3.8474
3.8474
3.8474
2.57422
2.68301
2.68301
1.64993
2.72358
2.72358
2.32144
5.03347
5.03347
5.03347
4.94509
4.94509
2.18435
2.18435
3.00425
3.69221
4.30554
3.06861
3.06861
3.06861
4.67441
4.67441
4.03111
6.0427
7.00294
7.00294
7.00294
5.65025
5.87716
3.85778
3.85778
6.23423
4.17377
4.37857
4.37857
4.37857
4.37857
4.37857
4.37857
3.34014
3.34014
3.51923
3.51923
2.1135
2.69435
2.69435
2.69435
2.7328
2.7328
2.7328
2.7328
2.7328
2.7328
2.7328
4.61077
4.66394
5.57383
5.57383
5.57383
5.57606
6.40869
6.40869
5.36065
5.36065
2.82873
3.38242
3.38242
1.73224
1.9889
1.9889
1.9889
1.9889
2.14466
4.25442
4.25442
4.25442
1.26225
2.27298
2.27298
3.88769
2.21898
2.21898
2.21898
2.21898
2.21898
2.21898
2.21898
2.21898
2.21898
2.21898
2.21898
2.21898
2.21898
1.62444
1.62444
1.62444
1.62444
1.62444
1.62444
3.79655
3.48018
3.48018
3.48018
3.48018
3.48018
6.16269
7.11612
7.11612
6.02904
6.02904
3.27966
3.27966
3.27966
5.01214
5.01214
6.65081
6.65081
6.65081
7.28373
6.42463
7.11975
8.72614
9.90558
9.90558
8.32317
7.7755
9.07633
9.07633
7.36696
7.16835
7.16835
7.16835
7.16835
7.16835
8.22183
7.76897
7.42685
4.26854
5.6016
6.84073
6.84073
6.51608
6.51608
7.66058
7.30117
5.9871
5.9871
5.24026
5.44172
5.44172
5.44172
9.03494
6.097
4.13073
6.20705
5.55092
5.55092
5.55092
5.55092
5.55092
5.55092
5.55092
5.55092
6.51772
6.51772
7.67599
7.67599
6.27866
2.81436
2.81436
2.81436
2.81436
2.81436
2.81436
2.81436
2.81436
2.81436
2.45376
2.45376
2.10438
4.76813
4.76813
4.76813
4.22915
4.08431
4.08431
3.21042
4.36999
4.69156
1.62884
1.62884
2.63147
2.56573
2.56573
2.72907
2.72907
2.72907
2.72907
5.14625
5.14625
4.56406
3.28768
3.28768
1.80002
1.80002
2.66665
2.66665
3.26847
1.38106
1.38106
4.5362
4.5362
3.80598
4.52367
2.82318
2.82318
2.82318
2.82318
4.06778
4.06778
6.09545
4.24452
4.92394
5.72529
6.38278
6.51008
6.51008
6.38327
5.80334
3.74956
4.1567
3.66756
6.76546
6.78528
6.78528
9.07817
6.41724
6.16789
6.16789
5.72743
5.84823
7.38168
8.53472
8.70437
8.70437
8.70437
6.96642
6.96642
6.96642
7.38331
7.38331
7.38331
7.38331
7.01196
7.47558
7.47558
7.47558
7.47558
7.47558
6.12965
3.4408
3.4408
3.19141
3.19141
3.19141
3.19141
5.22339
6.43957
6.43957
6.43957
6.43957
6.60821
6.60821
6.60821
7.27294
7.39952
7.39952
4.81866
4.81866
2.37012
2.37012
2.37012
2.37012
4.47816
1.54847
3.96201
3.96201
3.96201
3.74531
6.50407
6.44223
6.44223
4.79914
6.91975
4.58673
4.58673
3.76667
6.63595
4.26049
4.26049
6.87797
9.17017
9.80816
9.93439
9.08999
7.74809
7.74809
7.54974
7.95799
7.95799
7.95799
5.2789
5.2789
5.2789
5.23046
4.61997
4.61997
2.31583
2.19202
2.19202
2.19202
2.19202
1.95761
1.95761
5.31997
3.81483
4.35628
4.35628
4.06355
4.06355
2.51065
2.51065
3.50301
3.50301
3.50301
3.50301
3.46623
2.28054
6.44596
6.82651
6.82651
6.82651
5.84853
5.84853
5.84853
5.80131
4.59325
4.59325
7.4104
8.41131
10.9313
10.5476
10.5476
7.82108
8.30164
8.30164
6.10618
6.21177
6.21177
6.21177
6.7339
6.79145
6.79145
6.76355
6.76355
6.76355
5.38206
5.38206
5.8784
5.8784
4.28747
4.28747
4.28747
4.28747
4.28747
5.01581
3.48684
3.48684
6.30071
6.30071
5.71482
4.9126
4.57465
5.13172
1.8229
3.95693
3.95693
3.95693
3.95693
3.95693
3.96508
3.96508
3.96508
3.96508
3.96508
5.42831
5.42831
5.42831
4.32207
4.32207
4.32207
4.32207
4.32207
4.32207
0.79602
2.43003
2.43003
2.43003
2.43003
1.6065
1.6065
1.6065
1.6065
1.6065
3.55919
1.98775
1.98775
1.98775
1.98775
1.98775
1.98775
1.98775
1.98775
3.25237
3.25237
3.25237
3.25237
3.25237
3.25237
3.45009
3.45009
3.45009
3.45009
3.45009
4.36972
4.36972
4.36972
4.36972
4.36972
2.47984
2.47984
3.64314
3.36666
2.93219
0.89906
3.58086
3.1829
3.1829
4.38834
4.38834
4.66687
4.66687
4.52588
2.96553
2.96553
2.96553
4.34587
3.00671
4.12941
5.83452
5.83452
4.32899
4.28342
4.28342
5.70638
6.07755
6.07755
6.07755
4.24145
4.24145
4.24145
4.01342
4.01342
4.56244
4.56244
4.05256
4.05256
4.05256
2.17121
2.17121
2.17121
6.09159
6.09159
6.09159
2.70933
2.70933
2.70933
2.70933
2.70933
2.70933
5.24347
6.84876
8.16371
6.70987
7.20065
7.20065
7.20065
7.20065
7.95665
7.8015
5.59078
5.59078
5.59078
5.0785
4.43967
4.43967
3.80733
3.04449
3.04449
3.04449
6.51124
6.41779
6.15424
6.15424
6.14916
8.5632
8.5632
8.5632
7.03311
9.10051
8.17063
7.26336
7.53677
6.70542
6.70542
8.36216
5.46477
1.84328
1.84328
3.19085
5.05242
5.05242
7.4482
7.4482
8.32903
6.64769
6.64769
6.8041
6.8041
6.8041
4.94014
4.94014
4.48537
4.48537
4.48537
4.48537
2.41866
2.41866
2.41866
2.41866
2.41866
2.41866
2.41866
2.41866
2.41866
2.41866
2.41866
2.41866
0.833222
0.833222
0.833222
0.833222
0.833222
0.833222
3.44761
3.44761
3.37284
3.37284
5.03737
5.03737
4.53981
3.58713
3.58713
4.2012
4.2012
4.2012
4.2012
4.2012
4.2012
2.82547
3.4181
3.4181
3.4181
3.4181
2.14953
4.60885
3.54957
4.5074
4.5074
4.22999
4.22999
5.3194
6.32582
5.07725
5.07725
5.5756
5.5756
4.29623
4.05891
4.01121
2.45193
2.45193
2.88438
2.32924
3.61838
3.61838
5.17324
5.17324
2.75927
1.82922
3.03415
1.62575
1.62575
3.39292
3.39292
1.49007
3.19936
3.19936
4.84125
4.84125
4.84125
3.88629
3.88629
3.0002
5.06661
5.06661
5.06661
5.06661
6.39235
5.49052
5.49052
4.44405
5.36301
5.36301
6.39719
6.39719
6.39719
6.39719
5.11911
5.11911
5.11911
5.78929
5.78929
3.66104
5.97884
5.97884
5.97884
5.59037
5.01293
4.927
3.55772
3.55772
3.55772
3.55772
1.83043
1.83043
2.48157
1.47038
4.49602
4.49602
1.52384
1.52384
1.52384
1.52384
1.61757
1.61369
1.84283
1.00376
1.00376
4.58205
4.58205
4.58205
4.86361
2.45372
2.45372
2.45372
4.23601
4.98174
4.98174
4.98174
3.69956
3.69956
3.69956
3.69956
1.69514
1.69514
1.69514
1.69514
2.62059
2.62059
4.32446
4.32446
6.63575
7.45015
7.19695
6.30984
7.75824
8.61684
5.67059
5.67059
6.45895
6.99048
6.99048
7.18101
7.05222
7.05222
7.05222
7.05222
8.66573
10.7386
10.7386
10.7386
10.7386
10.7386
10.7386
12.4407
12.4407
11.0398
11.3956
14.5987
14.5987
14.5987
13.9247
10.6492
10.6492
8.07242
6.98348
6.98348
6.98348
6.98348
6.98348
6.90444
6.18963
4.87444
3.55865
3.55865
3.89026
3.89026
2.76647
2.76647
2.02985
3.92026
3.92026
3.92026
3.92026
3.92026
4.84585
4.84585
4.84585
1.96815
1.32525
2.96773
2.96773
2.96773
2.96773
2.96773
2.96773
4.56106
4.56106
4.56106
2.47242
5.20386
5.20386
5.48715
5.48715
7.04649
6.60508
3.70655
3.70655
3.70655
4.31932
4.31932
2.9645
2.7405
2.7405
3.88877
3.88877
3.88877
3.88877
3.88877
3.88877
6.65528
5.78483
5.78483
3.56661
2.27861
2.27861
1.06464
2.0793
1.23309
1.23309
1.56648
4.92729
5.68948
5.68948
5.68948
7.00851
7.00851
7.00851
6.28489
4.86696
4.86696
4.86696
5.6148
3.6481
3.6481
3.6481
3.6481
2.55564
2.51324
2.51324
2.81246
2.81246
2.81246
2.81246
2.81246
4.9902
8.15831
8.15831
5.99959
6.18912
6.18861
5.70867
2.61973
4.1869
4.1869
4.78038
3.03642
2.12306
3.06353
3.06353
3.06353
3.27737
3.27737
5.18854
3.36799
3.36799
3.36799
1.94117
2.20532
3.12807
3.12807
3.12807
3.12807
3.12807
3.12807
3.12807
3.12807
3.12807
3.12807
3.12807
3.12807
2.04985
2.04985
2.04985
2.04985
2.04985
2.04985
2.04985
2.04985
4.80152
4.80152
4.80152
4.80152
4.80152
5.18385
7.8008
7.8008
7.88529
7.79886
7.79886
6.36625
6.36625
6.17851
8.10358
6.33644
7.11923
7.11923
7.11923
6.65074
6.65074
5.90748
5.90748
2.94129
3.72155
4.90734
4.90734
4.71935
6.49316
6.49316
6.49316
3.66611
3.66611
3.66611
5.596
5.596
4.58961
4.58961
4.58961
3.10854
4.79463
4.79463
4.79463
4.79463
4.79463
5.34664
2.95894
2.95894
2.95894
2.95894
2.95894
4.52502
4.52502
3.4575
3.4575
3.4575
6.15333
8.63562
8.63562
8.63562
8.63562
8.63562
8.63562
10.6648
10.6648
10.6648
10.6648
10.7034
7.95992
7.95992
7.95992
6.01736
6.82215
6.82215
6.82215
4.56297
4.56297
4.56297
4.56297
4.56297
5.89703
4.6755
3.28181
6.10094
6.10094
6.10094
5.59443
5.59443
5.60268
5.60268
7.71078
7.71078
9.69846
7.59789
7.05406
7.85223
7.14012
7.14012
7.14012
6.98881
4.42135
6.83824
8.1863
8.90053
10.9004
9.53823
7.38659
4.13536
4.88173
4.88173
3.71388
3.71388
3.85232
4.04052
4.04052
2.2249
2.2249
2.2249
2.2249
1.61667
1.61667
1.61667
1.61667
1.61667
1.61667
2.66335
4.37468
3.59964
3.59964
2.73054
2.73054
3.24906
3.24906
3.24906
5.69153
2.81982
2.81982
2.40242
2.40242
2.40242
2.40242
2.40242
2.40242
2.40242
2.40242
2.40242
1.58863
2.90023
3.44546
3.44546
3.44546
3.44546
4.75064
5.88874
6.12474
6.12474
6.12474
6.12474
6.01996
6.91561
6.91561
8.03353
5.13873
5.13873
5.13873
4.65989
4.65989
4.3826
4.3826
5.6463
4.50445
7.67443
6.35839
6.15753
6.27197
7.0409
6.97481
6.97481
6.97481
5.56494
6.98065
6.41778
6.41778
6.41778
6.41778
6.41778
5.88585
5.88585
5.94663
3.66108
3.66108
3.66108
3.66108
1.78337
1.78337
1.78337
3.26754
3.26754
4.30636
5.1744
5.1744
5.96277
5.11491
5.90501
5.90501
6.32937
6.32937
6.33422
7.99546
8.91094
7.94191
7.94191
7.94191
8.99503
6.47272
6.47272
5.95739
7.64091
7.64091
6.26052
6.26052
6.26052
6.26052
5.15006
5.81631
5.81631
5.81631
5.81631
7.55759
6.02493
6.02493
6.02493
7.32205
6.62432
8.78144
7.58213
6.55179
5.39592
5.39592
5.39592
8.03331
8.02523
8.02523
8.02523
5.15705
4.67463
4.67463
3.42246
3.13439
3.13439
2.61394
2.61394
2.61394
2.61394
2.61394
2.61394
2.61394
2.61394
5.22985
2.32946
2.52164
1.76174
1.76174
3.36155
3.36155
3.36155
4.2414
4.2414
4.2414
4.2414
4.2414
4.2414
4.05521
4.05521
4.05521
4.05521
4.96761
5.64144
6.36407
5.36976
5.36976
5.36976
5.36976
5.36976
5.36976
5.36976
5.36976
4.1279
4.1279
4.8862
4.8862
4.07108
5.38637
4.76761
4.76761
3.98364
3.67679
2.071
2.071
1.68216
1.68216
2.61067
2.61067
2.61067
2.61067
2.61067
1.58312
1.58312
2.77637
5.0095
7.37723
6.21776
5.39515
4.80315
4.80315
2.04204
2.04204
4.07942
5.56262
3.00517
3.00517
1.77497
1.77497
1.77497
1.77497
1.77497
1.77497
3.304
3.304
5.35161
5.35161
4.48947
4.48947
3.98619
3.98619
3.98619
3.98619
3.98619
5.32721
4.66655
2.27479
2.27479
4.72574
4.72574
6.97692
7.78173
4.88915
4.88915
5.13485
5.67346
5.67346
5.67346
5.99809
5.99809
5.99809
5.99809
5.99809
5.99809
4.60756
2.77643
2.77643
2.37502
2.37502
2.37502
3.90751
4.56413
5.25049
5.25049
5.25049
5.25049
5.25049
6.15024
6.15024
8.22362
8.22362
8.22362
8.15278
7.20556
7.20556
7.58535
7.58535
7.58535
8.47976
7.76834
6.03924
6.03924
6.03924
6.03924
6.03924
6.03924
6.03924
5.46704
5.46704
5.46704
5.46704
5.46704
4.86603
4.86603
4.86603
4.86603
4.86603
2.53084
3.05017
3.05017
4.56751
5.09682
5.87494
4.44021
4.44021
4.44021
5.97049
7.90956
6.92005
4.7908
3.87264
3.87264
2.60876
2.60876
2.60876
2.60876
3.53014
3.53014
5.55632
5.9985
7.4517
7.62886
4.08467
4.08467
4.08467
4.08467
4.08467
6.76687
6.76687
6.76687
6.19969
6.19969
6.19969
7.74036
3.82801
3.82801
3.82801
3.20733
5.0749
3.16143
3.16143
3.16143
3.49664
3.15912
5.38939
6.41045
7.60447
7.60447
6.74028
5.57793
5.57793
5.23099
1.68235
2.72404
5.53671
4.59803
4.59803
2.54401
2.54401
3.39394
4.75019
5.15524
4.09327
1.28023
3.7577
3.7577
3.7577
3.7577
3.7577
3.32146
3.32146
3.32146
3.32146
3.32146
3.32146
3.32146
3.32146
3.32146
3.32146
1.90285
1.90285
1.90285
1.90285
4.37523
4.35214
4.35214
4.35214
3.55311
3.78697
5.16862
7.42181
7.42181
5.95373
5.95373
3.27706
3.27706
3.27706
1.4175
1.4175
1.4175
3.38951
4.20348
5.66182
8.22363
8.38728
6.8801
6.48377
6.48377
4.54544
4.54544
4.30027
1.75389
2.86054
4.61668
3.8204
3.8204
3.4757
3.83617
3.83617
4.61267
4.61267
4.96298
4.96298
2.12863
2.12863
3.47693
4.49587
3.42216
3.42216
3.42216
3.42216
3.42216
3.15044
3.15044
3.15044
3.15044
3.15044
3.41441
3.41441
3.41441
3.76585
2.53377
4.28319
4.28319
4.28319
1.55275
3.19656
3.13161
4.47343
4.28903
6.2942
2.54387
2.54387
2.54387
3.75167
3.50382
5.50085
4.87341
4.87341
1.38585
2.49951
5.01174
5.01174
5.01174
5.01174
3.9617
3.9617
3.9617
3.9617
3.9617
4.18207
4.18207
4.18207
2.85364
4.02379
4.19285
2.72831
2.72831
2.72831
2.72831
2.72831
2.72831
2.72831
5.29385
3.88745
3.88745
5.46117
5.46117
6.01984
5.53549
6.36149
6.36149
8.02337
8.02337
8.02337
8.02337
8.02337
10.029
10.2374
10.2374
8.51785
6.44859
4.37904
5.40978
5.66098
5.66098
5.66098
5.66098
5.66098
5.66098
5.66098
5.03136
5.03136
5.03136
5.53687
5.53687
5.53687
5.36874
8.0425
8.0425
9.35371
9.35371
9.35371
10.8033
10.213
9.31565
9.31565
9.84747
8.24799
8.8197
8.8197
8.64554
10.9764
12.8275
12.8275
12.8275
12.8275
12.8275
12.8275
11.3721
11.7086
11.7086
8.57711
5.08599
7.78257
7.78257
7.90407
8.75522
7.65026
5.90401
6.74823
6.11924
6.11924
6.11924
6.74947
6.83435
3.62819
3.62819
3.62819
4.17567
3.46894
3.46894
3.46894
2.33505
3.8332
4.56818
5.24856
3.19781
3.20132
3.20132
3.20132
3.20132
3.55944
3.55944
3.55944
3.55944
3.55944
3.55944
3.55944
1.9574
1.9574
4.53506
2.62678
2.62678
4.44349
4.44349
1.92186
1.92186
1.31573
3.27616
3.07765
3.07765
3.07765
3.07765
3.12652
6.28247
3.72128
3.72128
2.1181
2.1181
2.1181
5.87589
5.97182
3.62725
3.62725
3.62725
3.62725
3.62725
4.40334
7.64604
7.63623
7.58525
7.90136
8.90955
6.27704
7.1188
6.20097
6.20097
6.20097
6.2103
4.45224
4.86489
4.86489
4.51559
4.51559
4.51559
4.75506
4.75506
2.45944
2.45944
2.45944
2.45944
1.25867
1.25867
2.80783
2.80783
4.54683
6.07477
5.33215
5.33215
5.33215
2.64746
2.64746
2.64746
2.98631
2.98631
2.98631
3.79064
3.79064
3.20227
4.68661
4.35622
4.35622
4.35622
4.35622
3.8696
3.8696
3.8696
3.8696
3.09071
1.64754
1.64754
1.64754
3.32292
3.32292
3.32292
3.32292
5.63953
5.63953
6.67665
6.67665
6.67665
7.34111
7.34111
8.29772
8.7793
6.13219
7.47299
4.86306
4.86306
4.86306
3.8957
3.8957
3.8957
5.11972
5.11972
5.43065
5.43065
4.55455
4.55455
2.6864
2.6864
1.48634
2.35612
2.35612
2.35612
2.35612
2.35612
2.35612
3.11869
3.11869
3.11869
5.50469
4.91036
5.06765
7.21126
8.62582
9.93345
8.67491
9.28079
9.21876
8.74321
8.74321
8.18733
10.5302
10.5302
7.4485
7.89507
8.04967
7.06341
6.42167
6.42167
7.2436
5.36519
5.36519
5.36519
5.77691
6.59172
3.83267
3.83267
3.83267
3.83267
3.83267
3.83267
4.55106
4.94947
5.92641
4.99063
3.63861
6.82663
7.86556
7.5059
7.57081
5.56948
5.56948
3.40437
3.40437
5.77759
4.27257
4.27257
4.85127
3.83935
3.83935
3.83935
3.83935
3.02495
1.5969
1.83016
3.81716
3.81716
3.81716
3.81716
5.00956
4.01256
4.28922
1.74384
1.74384
1.74384
1.74384
1.74384
1.74384
3.42997
3.42997
3.42997
2.55134
2.55134
2.55134
3.14584
3.14584
3.96039
3.96039
2.71904
2.71904
2.71904
2.03936
2.31821
3.34721
3.34721
3.34721
3.34721
3.34721
1.31678
1.31678
2.77427
2.24829
2.95496
2.95496
2.65742
2.65742
0.620457
4.06065
5.65913
5.65913
7.63462
7.58468
7.58468
7.58468
9.59047
11.1458
9.57034
9.57034
8.48319
5.3137
3.79388
3.79388
3.79388
3.79388
3.79388
5.55323
7.02744
6.68245
6.49052
6.49052
8.23153
9.01399
9.01399
7.07474
7.07474
6.91438
6.91438
6.91438
6.91438
6.91438
6.91438
6.83847
6.83847
3.95747
1.31656
3.12561
3.12561
3.12561
3.12561
3.12561
3.35118
3.35118
5.24503
3.84581
3.07869
3.25654
3.25654
3.25654
3.25654
3.25654
3.25654
2.47871
2.47871
2.47871
2.47871
2.47871
5.09731
5.09731
4.25057
4.25057
4.25057
4.25057
1.55737
1.55737
1.55737
1.55737
1.55737
1.55737
1.55737
4.8501
4.8501
2.76364
2.76364
1.07877
3.53696
3.53696
3.53696
3.53696
3.53696
3.53696
3.53696
4.75988
2.28599
1.95636
2.09415
4.43566
2.25131
3.13679
2.6859
2.6859
3.63071
3.63071
3.63071
3.11188
2.59994
2.59994
3.54537
2.22403
2.22403
2.22403
1.88989
1.88989
1.88989
1.88989
1.88989
5.04353
6.2894
6.2894
4.22652
5.01595
4.59818
4.59818
3.85114
4.81889
4.81889
4.88602
4.88602
4.88602
3.04162
3.04162
4.17969
3.72575
5.83867
4.24534
4.24534
4.24534
5.23228
5.23228
5.23228
5.23228
6.81229
5.91699
5.91699
5.91699
5.91699
8.84411
9.1445
7.80893
9.52386
11.7674
13.4864
11.9157
11.9157
10.4944
8.96175
8.01893
8.01893
6.75212
6.87336
7.40322
8.35215
8.35215
8.35215
8.35215
8.35215
7.21807
4.80103
3.70789
5.68887
5.68887
5.68887
5.68887
5.68887
4.77264
4.77264
6.15879
3.31247
2.2697
1.79556
1.79556
1.79556
2.822
5.03923
5.03923
5.03923
5.03923
5.03923
5.33568
5.53908
4.51842
4.13236
4.13236
4.13236
4.13236
3.10544
3.10544
3.10544
2.37501
2.37501
2.37501
4.72393
4.72393
7.50896
5.10226
3.15315
3.15315
3.15315
2.95136
2.95136
2.84288
2.84288
2.84288
2.84288
2.84288
1.65662
1.65662
1.65662
1.65662
1.65662
1.65662
1.65662
1.65662
1.65662
3.59296
3.82914
2.15734
1.89186
1.89186
1.89186
1.89186
4.99224
4.99224
4.99224
6.24117
6.24117
6.24117
4.57228
4.57228
4.57228
6.5582
6.5582
7.16506
8.00919
7.23443
6.04949
6.04949
6.04949
6.04949
6.04949
7.20964
7.20964
4.3639
4.3639
5.69391
6.41451
4.67153
4.67153
6.00144
5.56715
5.98233
2.88565
2.88565
2.88565
2.36716
3.11384
3.11384
2.95059
2.18698
3.57815
3.57815
3.57815
2.19116
3.08319
3.08319
3.90957
3.90957
3.90957
3.90957
5.71857
6.46621
6.46621
5.86111
5.86111
5.86111
5.86111
5.86111
7.32985
7.32985
7.32985
4.01427
3.68267
2.37486
5.9743
7.93416
8.64967
8.18056
8.18056
5.72545
5.46127
5.46127
7.12195
8.21325
8.73822
8.99194
6.99058
5.32509
5.32509
5.31972
5.31972
5.31972
5.31972
3.96711
6.60504
6.80762
6.80762
5.87951
4.37203
4.37203
3.33502
3.33502
3.33502
2.57533
4.25502
3.2717
4.09523
4.09523
4.09523
2.55655
2.55655
2.25116
3.85824
1.04354
2.52804
2.52804
2.52804
2.07
2.07
2.82817
2.82817
2.82817
2.82817
1.64649
1.03705
1.03705
1.03705
1.03705
4.45982
4.45982
5.26516
5.26516
6.54276
7.69738
9.10166
9.10166
9.10166
8.45076
6.34936
6.34936
6.34936
5.11684
4.63683
4.01278
4.01278
4.01278
4.01278
3.64119
1.84709
1.84709
1.38931
1.38931
1.38931
1.38931
1.38931
1.38931
1.38931
1.38931
1.38536
1.38536
1.38536
1.38536
3.94846
3.94846
6.37994
4.76614
3.37929
2.15293
2.15293
2.2449
1.3962
5.0746
4.25059
4.25059
4.25059
3.19329
3.19329
3.19329
3.19329
4.04578
4.04578
4.04578
4.04578
4.04578
2.76346
3.36269
3.36269
3.42864
3.42864
4.6122
5.81472
5.66052
5.66052
2.74715
2.74715
2.74715
2.32319
2.32319
4.78004
3.47675
3.77301
5.23665
5.88838
5.88838
5.66054
4.80678
3.75163
2.79865
2.79865
2.79865
4.61819
2.42053
2.42053
2.42053
2.42053
2.42053
2.42053
3.34263
3.34263
3.34263
3.34263
3.34263
3.73936
3.73936
3.73936
1.05299
4.09053
4.09053
2.59497
5.33124
4.1624
5.22364
5.22364
5.22364
4.8566
4.8566
4.8566
4.8566
4.8566
4.8566
4.8566
4.8566
4.8566
4.8566
4.8566
4.8566
4.8566
4.8566
4.8566
4.8566
4.87856
2.71054
3.56287
3.56287
3.99651
3.30783
6.01019
5.67111
5.67111
5.67111
5.67111
2.15208
4.13726
4.40439
4.40439
3.29536
3.29536
3.29536
3.29536
4.9434
3.87965
6.16289
4.69413
3.08159
3.43821
2.31314
2.31314
2.31314
3.84051
3.64081
3.64081
3.97135
2.38751
2.38751
3.99993
3.99993
3.99993
3.99993
3.01508
3.01508
1.86197
3.6596
3.6596
3.6596
3.6596
3.6596
1.31253
4.64797
4.64797
5.50925
4.53275
4.53275
4.53275
4.53275
3.93059
4.97999
4.97999
3.77945
3.77945
3.77945
3.77945
3.77945
3.77945
4.92437
4.92437
4.92437
4.92437
4.92437
4.92437
7.50178
7.50178
5.47437
7.40809
8.69226
8.69226
8.69226
7.46481
7.46481
9.00417
9.03597
6.35382
4.66389
4.66389
4.776
5.97355
5.97355
6.74123
6.74123
4.65155
4.65155
5.40127
5.40127
6.73947
6.73947
6.73947
6.73947
6.63311
9.38514
10.6428
11.0948
10.8942
10.0925
10.0925
10.0925
10.2658
7.616
6.3068
3.51598
3.51598
3.51598
2.50397
3.92549
3.92549
3.92549
3.92549
3.92549
3.92549
3.92549
6.17847
7.44264
6.09852
6.09852
6.09852
6.09852
6.26888
6.05694
6.05694
4.11748
4.11748
1.52969
1.52969
1.52969
3.71213
2.81469
4.01413
4.01413
4.01413
6.22236
6.22236
7.51428
7.51428
5.91426
5.91426
5.5053
5.79657
5.79657
6.87979
6.87979
6.43777
6.52497
6.52497
6.52497
6.52497
6.52497
6.04542
6.04542
6.04542
6.04542
6.04542
4.17898
4.17898
4.17898
4.17898
4.17898
3.24307
3.24307
5.77853
5.52103
4.28672
5.48521
6.01123
5.67685
5.69164
5.69164
4.59658
3.64486
3.64486
3.64486
3.64486
4.02218
4.02218
4.09742
4.09742
4.09742
3.61309
4.90797
4.90797
4.90797
4.90797
4.90797
4.90797
3.27418
3.27418
3.27418
4.42977
3.28144
3.28144
3.28144
3.3159
2.93125
2.93125
5.28877
5.28877
5.28877
5.45662
4.58601
3.97534
5.50726
5.50726
5.32621
5.85903
6.68879
6.46971
5.8878
6.12424
6.07434
5.2689
7.8038
6.76244
6.93955
6.93955
6.00002
4.53419
3.51116
3.6206
4.01717
4.01717
4.01717
4.01717
4.01717
4.01717
4.151
4.151
4.151
4.151
3.6364
4.53484
4.80202
4.80202
3.88603
3.88603
3.88603
1.19394
2.40074
2.40074
2.40074
2.40074
3.25935
3.25935
3.25935
3.25935
3.25935
3.25935
3.25935
3.25935
3.06164
3.06164
5.10484
5.10484
6.07348
6.93047
6.93047
5.57687
3.37722
3.37229
3.37229
3.37229
3.37229
3.37229
3.37229
3.37229
3.37229
3.37229
2.73032
5.17608
5.17608
5.17608
5.17608
5.17608
9.05319
11.3794
11.0316
12.668
11.0958
9.83079
10.1969
12.8545
12.4831
14.8641
14.8641
14.7691
13.5537
14.2443
14.2443
12.6034
14.5137
13.7698
12.2499
12.4421
9.31131
5.65949
5.65949
7.16449
10.0102
11.9506
11.8916
12.8229
12.8229
11.6124
11.9582
11.9582
11.9582
9.32297
6.82775
6.82775
6.82775
6.23184
5.52802
5.52802
5.52802
3.63106
4.3156
7.39605
7.39605
7.39605
7.26595
7.26595
5.42587
6.13873
6.13873
6.13873
4.72355
4.72355
4.72355
4.32809
4.71668
4.30486
3.33364
3.33364
3.33364
3.33364
3.33364
2.41027
4.29191
4.22551
4.22551
4.22551
4.22551
4.22551
5.50767
5.50767
5.50767
5.50767
2.52643
2.52643
2.52643
3.24156
3.24156
3.24156
5.11877
3.70964
3.70964
3.70964
5.02835
4.5042
3.2877
3.2877
3.2877
3.2877
3.2877
2.8169
2.8169
2.8169
2.8169
1.93622
1.93622
1.93622
3.68884
3.68884
3.68884
3.68884
3.68884
3.68884
4.85134
4.85134
4.85134
3.5927
3.5927
3.5927
4.02673
4.02673
3.69324
3.69324
3.69324
4.51236
2.5432
2.5432
2.5432
3.64666
3.64666
7.18589
7.18589
5.63644
5.63644
5.63644
4.97972
5.76525
3.91329
3.91329
6.01636
5.70127
3.08032
4.8119
4.8119
5.01691
4.51073
3.98232
2.78505
1.11559
4.48297
3.64743
3.64743
3.64743
3.64743
3.64743
2.33283
2.33283
2.33283
4.7033
4.7033
4.00357
2.15626
2.15626
2.0495
2.0495
3.36223
3.36223
3.95664
6.39147
6.39147
6.39147
6.14895
6.14895
4.10161
5.08999
5.08999
4.12347
5.49901
4.45431
2.7062
2.7062
2.7062
2.7062
2.7062
2.7062
2.7062
2.7062
4.5731
6.63962
8.7577
7.47275
7.47275
5.3292
6.80508
5.78165
5.78165
6.4914
6.22553
3.74711
3.18833
5.45787
5.28878
7.43565
6.54902
4.97809
4.97809
4.97809
4.97809
5.91907
3.749
3.749
3.749
3.749
0.786114
3.67129
3.42249
3.42249
5.58107
6.12811
5.02601
5.50213
5.50213
5.50213
5.50213
5.50213
5.69079
5.69079
5.21465
5.21465
5.98588
6.26609
4.67079
4.49469
5.32015
5.85582
5.85582
5.85582
5.85582
5.20026
5.20026
1.68338
3.03687
1.33093
2.21259
2.21259
3.51122
3.51122
3.51122
3.51122
6.02182
6.31818
3.98651
5.64947
4.90326
4.90326
5.35916
3.98939
4.2519
5.26447
5.26447
5.26447
5.26447
3.08172
4.40209
3.08089
3.08089
5.03902
5.03902
5.97236
5.97236
6.88506
6.88506
6.88506
6.95501
6.30555
4.14469
4.14469
5.58069
5.58069
4.39414
4.03959
4.03959
3.56344
3.15934
3.15934
3.15934
3.92989
4.99933
6.00102
6.00102
4.14519
2.64473
2.64473
2.64473
2.64473
2.64473
2.64473
2.64473
2.64473
2.64473
4.16261
2.5011
3.14984
3.14984
3.14984
3.14984
3.21747
3.21747
1.86635
2.32025
2.32025
2.32025
4.0046
5.65869
5.65869
5.65869
4.73529
4.73529
3.90193
4.84917
4.84917
4.84917
4.84917
6.42041
5.12322
5.12322
4.56103
4.91145
5.12113
5.12113
5.12113
6.05444
6.05444
5.0978
6.78869
4.83802
5.03203
5.03203
3.88318
3.5511
3.5511
5.18859
5.18859
5.21244
5.21244
5.21244
4.14371
4.14371
2.73854
2.73854
2.73854
2.73854
0.842704
0.842704
5.03787
4.21963
4.92187
2.94215
2.94215
1.47518
1.47518
3.43647
2.27043
2.27043
2.27043
2.75833
2.75833
2.75833
3.83323
2.75767
2.75767
2.75767
2.01474
3.48353
3.48353
3.48353
3.18957
4.48411
4.48411
5.20335
4.54703
4.54703
4.54703
1.5052
2.67633
3.27064
4.71795
4.71795
4.71795
4.71795
6.93543
6.69324
8.19604
8.19604
7.67777
7.67777
7.35083
7.35465
7.93053
7.93053
6.33013
7.66779
7.28965
4.32896
4.32896
4.32896
5.68233
5.68233
5.68233
5.68233
5.68233
4.35181
2.24643
2.24643
1.12417
3.11651
3.11651
3.11651
3.11651
3.11651
3.11651
3.11651
4.54933
4.54933
4.54933
4.54933
4.54933
4.54933
4.54933
5.35126
2.85483
2.85483
2.85483
2.85483
2.85483
4.57141
6.58857
5.60117
4.08487
3.42342
3.42342
3.42342
3.42342
2.35751
2.35751
2.35751
2.35751
2.35751
2.35751
3.35946
5.259
5.259
5.259
1.90418
1.90418
1.90418
1.90418
1.90418
1.90418
3.57261
3.57261
3.57261
3.57261
3.57261
3.57261
3.57261
3.57261
3.57261
3.57261
3.57261
3.57261
3.57261
3.57261
3.57261
3.57261
3.57261
4.70316
3.33265
3.33265
3.83776
3.83776
5.4979
5.4979
3.61193
3.61193
5.30051
5.30051
5.30051
6.4055
6.4055
6.4055
6.33999
7.15166
8.05605
6.66543
6.66543
6.66543
4.53881
4.53881
4.53881
4.53881
4.53881
4.53881
4.53881
4.53881
1.67845
3.3519
6.53104
6.53104
7.9871
8.11174
6.218
7.47767
6.97224
8.17801
9.34674
9.34674
9.34674
9.34674
7.83648
8.47261
8.47261
8.54155
8.54155
9.40303
7.16933
7.16933
7.16933
6.47083
6.51497
4.37645
7.28059
7.28059
5.41496
5.41496
5.41496
5.41496
6.11272
4.24464
4.24464
6.00296
3.87925
2.81919
2.81919
3.16294
3.16294
3.16294
3.16294
2.31601
4.59036
4.59036
5.59877
4.80339
4.80339
4.80339
3.57653
3.57653
3.91528
4.53515
4.53515
5.81867
4.68744
4.68744
6.55672
6.55672
6.34472
6.34472
6.34472
6.34472
6.34472
4.25641
2.92246
2.92246
2.92246
2.21031
2.21031
2.21031
2.35899
2.35899
0.846781
0.846781
1.72015
1.72015
1.72015
1.72015
1.72015
1.72015
2.63391
2.63391
2.63391
2.01433
2.01433
2.01433
2.01433
2.77287
2.77287
3.87434
3.87434
3.87434
3.87434
3.87434
3.87434
3.87434
3.87434
3.87434
3.87434
2.4401
1.58565
1.58565
1.58565
1.58565
1.53586
2.81037
2.81037
3.30741
3.83459
3.83459
3.83459
3.83459
3.83459
3.83459
3.83459
3.83459
3.80568
2.18926
2.18926
6.21856
5.35928
5.35928
5.68486
7.6126
7.6126
7.00752
7.00752
7.00752
3.975
3.975
6.25629
6.25629
6.25629
9.27053
9.03895
9.08476
9.08476
6.33692
4.22658
4.22658
6.43644
6.43644
6.43644
6.43644
6.42043
4.98901
4.98901
4.98901
4.98901
4.98901
4.98901
4.98901
4.98901
4.98901
4.98901
2.34669
2.90802
4.06932
3.67722
4.80065
4.80065
4.70318
7.61823
7.86733
7.43915
8.75563
6.83077
7.87739
5.84625
6.87923
6.6303
6.24919
6.44513
5.71739
6.08198
3.53405
1.55841
4.39264
4.39264
1.05005
5.42223
3.78867
3.78867
3.78867
3.78867
3.78867
1.81948
1.81948
4.89991
4.89991
3.99688
3.99688
3.99688
3.50042
4.12735
4.12735
4.12735
4.57846
4.57846
4.57846
4.57846
4.57846
1.16755
1.4833
1.4833
3.02632
3.02632
3.02632
4.87835
4.87835
4.87835
5.6029
5.6029
2.33207
4.90631
4.90631
4.90631
5.02531
5.02531
4.33675
4.33675
2.13964
2.13964
2.13964
2.13964
1.33862
3.31309
4.9492
4.63411
4.05022
3.7073
2.31195
2.31195
1.53693
1.53693
2.04628
1.23827
1.23827
1.23827
1.23827
5.36904
5.36904
5.36904
6.10522
6.10522
4.90575
4.90575
4.90575
6.54487
7.43031
5.40343
3.73571
4.62212
3.52165
3.52165
3.52165
2.43
4.9009
4.9009
4.9009
3.57159
3.57159
3.57159
2.5344
2.5344
2.5344
3.90756
5.75766
5.75766
5.75766
6.31738
6.31738
6.31738
4.25301
4.25301
4.58778
6.24704
6.8202
4.09866
3.94155
3.94155
3.94155
3.94155
3.94155
4.01358
4.01358
3.76402
5.51042
5.51042
5.64932
5.41758
5.78493
5.78493
5.78493
6.50866
5.97115
5.97115
4.88109
6.43579
4.13418
4.13418
4.15705
3.61628
4.62972
5.83796
4.08157
4.08157
4.08157
1.20824
1.20824
3.40234
3.40234
3.40234
3.29582
3.29582
3.29582
2.52682
2.5304
1.47851
2.39103
2.39103
2.39103
2.39103
2.39103
2.39103
2.39103
2.39103
2.39103
2.39103
3.19434
1.62647
1.62647
3.87953
4.12086
4.86997
4.86997
3.80664
1.61342
1.61342
2.87891
1.94237
3.99862
3.99862
3.99862
3.99862
5.87312
8.29954
9.8623
8.75501
8.94868
9.82321
9.82321
9.82321
9.82321
9.82321
9.82321
9.82321
9.82321
9.82321
9.82321
9.46631
9.46631
9.46631
8.31801
9.40382
8.78356
7.45112
7.06201
7.06201
7.60538
4.07009
3.81878
4.41089
4.41089
5.4723
5.4723
5.4723
6.94307
5.19391
7.11072
7.11072
7.11072
6.71371
4.79333
3.67284
3.02989
2.39945
2.39945
6.35133
6.35133
7.31026
7.31026
7.31026
7.31026
7.31026
6.27364
5.23443
5.23443
5.23443
5.23443
5.23443
5.70541
6.16148
6.80284
6.90337
6.90337
5.56711
5.32594
5.32594
4.84273
4.84273
6.68699
6.68699
8.41388
8.41388
7.57253
7.57253
7.57253
7.57253
5.97098
4.75079
3.04754
3.94263
3.94263
3.94263
3.94263
3.94263
6.66785
7.27226
6.18312
7.00461
7.89795
8.66989
8.66989
8.66989
8.66989
5.91212
4.21231
4.21231
4.21231
3.37731
3.78559
1.16321
3.91431
3.91431
2.58418
6.12777
6.12933
6.12933
6.12933
6.12933
5.60899
5.60899
5.35732
4.71601
4.71601
4.71601
2.54241
2.01353
2.9297
2.9297
2.9297
2.9297
3.97656
3.97656
1.60622
1.60622
3.35005
3.35005
5.95026
3.83869
1.64193
2.65581
2.65581
2.65581
2.8024
2.8024
2.8024
1.45958
4.52031
1.85091
1.85091
2.36117
2.36117
2.62964
2.62964
2.62964
2.62964
2.62964
2.62964
3.14951
3.14951
3.14951
3.14951
3.14951
4.20507
4.20507
4.20507
4.20507
5.62922
6.61568
4.72497
2.68427
2.68427
2.68427
2.68427
5.50981
5.50981
5.50981
5.47583
5.47583
5.16262
5.16262
5.16262
5.77753
5.77753
5.77753
3.39066
4.064
0.993156
0.993156
2.49114
3.99773
4.45244
4.45244
4.45244
5.84052
7.08003
7.82961
7.52069
5.6675
5.04353
3.62324
3.62324
3.62324
5.32037
5.32037
5.38076
3.62573
3.62573
3.62573
3.62573
1.85021
1.85021
1.85021
1.85021
2.06018
2.06018
2.06018
2.06018
2.06018
2.06018
2.06018
2.16723
2.77534
2.77534
2.77534
2.77534
2.77534
3.82329
3.82329
3.82329
3.01508
3.01508
3.01508
3.19321
3.19321
3.35936
4.97446
4.89387
4.78828
4.78828
4.78828
4.78828
4.75318
5.52881
4.58348
4.58348
2.00079
2.16026
5.28098
6.91654
6.91654
6.91654
7.28813
7.28813
7.28813
7.28813
9.54625
8.19782
7.18106
7.18106
7.18106
8.24095
9.62801
10.7658
11.2557
11.2557
11.2557
11.2932
11.5263
9.36939
8.20672
6.64892
4.30582
4.41807
4.41807
4.41807
4.41807
4.41807
4.41807
4.41807
4.26572
4.26572
4.5441
4.45688
3.12031
3.12031
2.68123
6.1644
6.1644
6.59165
3.7838
3.7838
3.7838
3.7838
3.7838
4.1569
4.1569
4.1569
4.1569
2.09442
3.46453
3.46453
2.85332
4.2279
2.47911
5.71804
6.23582
5.64706
5.64706
5.39834
5.39834
5.39834
4.44855
4.44855
5.7709
5.10913
5.10913
3.79552
3.79552
3.34765
2.69477
2.69477
2.69477
4.66558
4.66558
4.66558
4.66558
4.32112
4.91171
5.70477
5.70477
5.2586
5.2586
5.2586
6.45248
6.45248
6.45248
6.45248
3.60293
4.7191
4.83078
6.53122
6.53122
9.57274
9.57274
9.98286
8.39494
8.39494
9.00367
9.71455
9.71455
9.71455
8.7855
8.38829
8.38829
5.40783
5.40783
5.40783
5.40783
2.57825
2.57825
2.57825
2.57825
2.57825
5.21552
5.21552
5.21552
6.0073
4.5269
3.54006
3.54006
4.44702
4.44702
4.44702
4.44702
3.0292
3.0292
2.99248
2.99248
2.99248
2.99248
2.99248
2.99248
2.99248
3.70166
6.17157
6.76574
7.85193
7.85193
5.71012
5.14481
5.11362
4.02875
4.02875
4.02875
4.02875
4.02875
4.56205
4.56205
4.56205
4.85579
4.85579
4.85579
2.7312
2.7312
2.7312
3.20545
3.20545
3.97334
6.36738
6.46516
7.89106
7.89106
7.44808
5.9644
5.9644
5.9644
2.38533
2.38533
2.38533
2.38533
2.16546
2.16546
2.16546
2.16546
2.16546
4.04681
5.08611
5.08611
5.08611
5.08611
5.08611
7.14473
5.79029
5.20993
5.20993
6.69807
6.25156
6.25156
5.89878
5.3143
3.63503
3.12879
3.12879
3.12879
3.76205
3.76205
3.69511
3.69511
3.69511
4.87029
3.71094
6.38538
6.38538
5.70846
5.70846
5.26186
4.97972
2.32793
2.32793
2.32793
3.69217
4.50898
3.12669
4.53195
2.5145
2.5145
2.97477
4.82739
4.82739
4.82739
6.41211
6.41211
6.41211
6.41211
6.64755
6.64755
6.64755
5.31285
7.7525
9.47142
9.47142
8.48642
8.21569
8.21569
7.80065
6.34046
6.34046
6.80454
6.80454
7.21376
7.21376
7.21376
7.21376
6.18173
5.66271
5.20978
5.10865
5.10865
5.10865
5.10865
3.23762
3.23762
3.23762
3.23762
1.8375
3.78898
3.78898
3.78898
3.78898
3.78898
3.33642
3.33642
2.60931
3.5952
3.5952
3.5952
3.5952
5.30812
7.25144
7.25144
7.25144
7.25144
7.25144
7.25144
5.25386
4.01319
4.01319
4.01319
3.95818
3.95818
4.36073
4.36073
4.36073
4.36073
4.36073
4.36073
4.36073
3.60436
3.60436
2.5954
1.58266
3.67082
3.67082
3.67082
3.95353
3.95353
2.58977
2.58977
2.58977
2.28743
4.03276
4.03276
4.4958
3.5351
3.5351
3.87957
3.87957
3.77803
3.77803
3.77803
3.77803
3.38014
3.38014
3.38014
3.38014
3.98691
3.98691
3.98691
3.09049
2.44279
1.5871
3.62006
3.62006
3.62006
2.4507
2.4507
1.37362
1.37362
2.16064
3.16158
4.74058
5.68434
4.14126
4.14126
5.15673
5.15673
5.15673
5.15673
5.15673
3.143
6.46786
6.46786
6.46786
5.06149
5.06149
5.06149
5.00757
5.00757
5.00757
4.73125
4.73125
4.73125
4.73125
4.73125
5.42249
5.42249
5.42249
5.42249
5.42249
3.19114
3.80325
3.80325
3.80325
2.86018
2.86018
2.86018
2.57373
2.57373
2.57373
4.01338
3.23254
6.42347
6.42347
6.42347
3.28462
3.35857
3.35857
4.24318
4.24318
3.91029
3.91029
3.54413
3.54413
3.54413
4.67347
5.01842
2.56327
3.33881
3.33881
3.33881
4.79167
4.79167
4.79167
4.79167
4.79167
4.79167
4.79167
5.56459
5.56459
5.09321
5.09321
5.09321
4.90554
7.1501
7.97046
6.04455
6.04455
6.65148
7.40403
7.40403
6.78155
4.66703
1.01608
1.01608
3.25461
3.25461
5.19038
5.90655
4.17617
4.17617
4.88818
4.88818
6.97997
6.97997
3.33998
3.2385
3.46719
3.52365
2.84508
1.72971
2.28004
2.28004
2.28004
4.78547
4.78547
4.78547
3.61464
3.61464
3.90475
4.9804
3.39019
6.36793
6.88268
6.88268
4.98533
4.98533
4.98533
5.14164
4.64696
4.64696
4.64696
4.64696
4.64696
5.67414
7.62323
5.65817
8.31376
8.04896
8.04896
8.95512
6.5124
6.5124
5.07096
5.07096
5.07096
7.23174
7.23174
7.23174
8.10885
9.01237
7.95077
6.43962
6.43962
6.43962
6.43962
4.95913
4.95913
4.95913
4.95913
4.95913
4.95913
4.95913
6.469
3.95059
3.95059
3.95059
2.16751
0.924518
0.924518
3.51966
2.65733
3.35738
3.35738
3.35738
1.92411
3.90593
3.90593
1.7735
1.7735
1.7735
1.7735
1.7735
1.7735
2.87844
2.87844
4.95856
4.85309
7.73625
8.36174
8.36174
8.82286
7.19285
6.41095
3.30228
3.30228
2.58923
3.14355
3.14355
3.14355
1.92802
1.92802
3.14174
3.14174
1.8414
1.8414
1.72318
1.72318
1.72318
1.72318
1.72318
1.72318
1.72318
1.72318
1.72318
1.72318
1.72318
1.72318
1.50858
1.50858
1.50858
1.50858
4.65486
4.65486
4.65486
3.71197
4.02399
4.02399
3.18038
3.18038
4.21383
4.21383
3.76403
5.82534
5.82534
7.95056
7.95056
7.95056
7.95056
7.95056
7.95056
7.78358
3.88712
3.88712
2.3189
3.8031
3.8031
3.8031
4.11806
1.85664
1.85664
1.85664
2.48693
3.14132
3.14132
3.14132
3.55316
3.55316
4.70513
4.18378
4.18378
4.18378
4.18378
3.66854
3.66854
2.62581
2.62581
2.62581
2.62581
2.62581
2.62581
2.62581
3.95572
3.95572
6.52183
7.63894
6.89374
7.33154
4.73332
5.53306
5.53306
5.53306
5.53306
3.67246
3.67246
3.67246
4.56485
4.56485
4.56485
5.07845
6.52004
8.15429
6.21062
6.28285
5.53957
5.53957
5.53957
5.53957
4.66135
4.66135
3.03225
3.03225
4.56698
4.56698
5.43544
5.77636
5.77636
3.91001
3.91001
5.36026
2.73437
2.73437
2.73437
0.616513
2.46232
3.34059
1.60868
1.60868
1.60868
1.60868
1.60868
1.60868
3.74075
3.74075
3.74075
3.74075
3.74075
6.42486
6.42486
6.33626
6.33626
3.53508
5.60394
6.8059
5.56784
5.56784
5.7246
5.7246
2.63325
2.63325
2.63325
4.23309
4.23309
4.23309
4.23309
4.23309
4.23309
2.60051
2.27608
2.27608
2.27608
2.27608
3.22577
6.08051
6.08051
6.27607
6.27607
7.13533
6.34542
6.34542
7.65931
7.65931
5.61192
5.61192
5.11922
3.10425
3.10425
3.10425
3.10425
2.45903
3.80593
3.79195
5.22823
5.22823
5.22823
5.22823
5.22823
5.22823
3.63335
3.63335
4.96019
4.71968
7.69581
7.69581
7.35804
7.596
7.596
6.50453
6.50453
6.50453
6.50453
6.50453
5.98108
6.25442
6.25442
7.3028
5.19093
5.19093
5.19093
5.19093
5.19093
5.19093
5.19093
5.19093
4.43123
4.66643
4.66643
6.80507
6.60324
6.25178
5.47792
4.54504
4.22235
3.51672
1.11059
1.11059
1.11059
1.11059
1.11059
1.90166
1.90166
1.90166
3.03775
3.03775
3.03775
3.03775
2.24996
2.24996
2.24996
2.24996
5.10486
5.10486
5.10486
6.48446
5.58009
5.58009
5.58009
5.58009
5.58009
5.55418
3.48122
5.95337
5.95337
5.28644
7.49383
7.49383
7.49383
4.836
4.59917
2.22946
2.22946
2.8122
2.8122
2.8122
1.18096
2.94498
4.36061
2.4141
2.80941
2.80941
2.80941
4.71252
4.32579
4.32579
6.45667
7.53434
7.53434
7.53434
7.53434
6.16539
6.16539
6.16539
5.76866
5.76866
8.61163
6.22963
6.22963
7.70484
7.2322
7.2322
6.79024
6.79024
6.88394
6.88394
6.88394
8.24595
8.24595
6.28191
6.28191
6.28191
6.8582
6.8582
5.58812
5.58812
5.58812
5.58812
5.58812
5.58812
4.01612
5.72436
5.78948
4.4496
4.75767
6.39631
8.07238
8.07238
8.07238
8.07238
8.07238
5.11689
5.11689
5.11689
2.87183
2.87183
4.13034
6.76529
7.48072
6.88458
4.33658
7.06429
7.20991
7.20991
7.19041
6.52975
6.52975
6.89572
4.96123
4.96123
3.13996
3.13996
4.47786
4.47786
4.47786
5.54233
5.54233
6.87316
5.04581
5.04581
5.04581
1.79047
1.79047
1.79047
3.71765
4.7094
4.7094
5.40343
7.2907
7.5183
7.5183
8.07253
5.79363
5.79363
5.32268
5.32268
5.32268
5.32268
7.99935
5.16213
5.16213
5.16213
4.41626
4.41626
4.41626
4.41626
3.39564
3.80334
3.08143
3.08143
3.08143
3.08143
2.41423
2.41423
3.92867
3.92867
5.07226
5.64632
5.64632
5.35217
4.71286
4.71286
4.71286
2.12374
4.09306
4.09306
4.09306
4.09306
5.35791
5.35791
3.16182
3.904
3.904
4.69983
1.53551
2.22543
2.22543
2.22543
2.95089
3.55411
3.55411
3.55411
3.55411
4.99621
5.17674
4.30913
4.30913
4.30913
4.30775
4.30775
3.76829
4.59833
4.59833
7.50627
7.23433
8.27399
8.27399
8.03621
8.54947
9.83433
8.34462
6.82514
5.65368
5.65368
3.83796
6.05058
5.25211
5.51045
3.83379
3.83379
3.57617
3.57617
3.57617
3.57617
3.57617
3.57617
4.42142
4.42142
5.62925
2.16916
4.3419
4.3419
4.97233
3.46745
3.46745
4.75142
3.37344
3.37344
3.37344
5.51815
5.51815
5.51815
4.40395
2.56221
2.56221
4.80059
4.80059
3.26406
3.26406
3.30079
3.30079
3.30079
2.89627
2.89627
2.89627
2.89627
2.25254
3.92981
3.92981
3.92981
3.92981
3.92981
3.92981
3.49839
3.69744
3.15438
3.15438
3.15438
3.15438
3.15438
3.15438
4.82006
4.82006
4.82006
4.82006
4.04205
4.30335
2.39672
2.39672
3.66031
2.6968
2.6968
5.42935
5.96546
6.18233
6.18233
5.51822
5.12383
3.0123
3.0123
3.0123
3.94556
3.94556
6.20622
7.32561
9.45031
9.2966
9.2966
6.44894
8.76886
8.76886
8.04382
8.04382
4.58987
4.58987
3.19989
4.35356
4.35356
4.34644
4.34644
2.90804
2.90804
2.72264
4.57296
3.26439
4.08394
5.02864
3.74355
3.74355
3.74355
3.74355
3.74355
4.09402
4.09402
4.09402
4.09402
5.28526
5.28526
5.28526
3.96285
3.96285
3.96285
5.32911
5.2277
5.2277
3.86067
4.54901
3.58929
2.03655
2.03655
5.18064
5.18064
2.62752
3.97369
3.97369
3.31601
3.31601
3.31601
3.31601
4.72195
4.94949
6.31626
6.31626
6.31626
6.31626
6.31626
6.31626
6.31626
6.31626
6.31626
6.31626
5.26177
7.36859
9.49629
9.49629
9.49629
10.4729
10.4729
10.2533
6.89585
6.89585
4.56166
4.56166
4.56166
3.93655
3.93655
3.3587
3.3587
3.63027
3.63027
3.40955
3.40955
3.52165
3.52165
3.52165
4.98247
4.56893
4.56893
6.27029
6.27029
6.27029
6.27029
7.15377
7.15377
7.52174
8.9629
7.26475
7.26475
7.9858
8.09215
8.12251
8.12251
6.76008
6.76008
6.76008
7.56424
6.57383
6.57383
6.57383
5.52928
5.52928
4.26221
4.26221
2.02593
3.85499
6.16493
5.74892
5.74892
5.74892
2.64641
4.78588
6.32419
5.44234
5.44234
5.44234
5.88565
5.88565
2.06274
3.18437
3.18437
3.18437
3.18437
3.18437
4.98587
6.83742
6.83742
6.83742
6.83742
6.83742
4.51396
5.81957
5.81957
4.92581
4.92581
4.92581
4.79929
4.79929
5.43746
5.43746
5.43746
5.43746
5.43746
5.43746
4.33742
2.17191
4.91895
4.91895
4.91895
4.91895
4.91895
4.91895
5.07211
3.52562
3.52562
3.52562
5.07663
2.76525
2.76525
2.87472
5.23625
5.23625
5.23625
7.44432
6.28511
6.28511
8.5775
11.2578
11.2578
8.84005
9.79306
10.5196
10.5196
8.56711
8.56711
7.0258
7.0258
7.0258
8.96956
8.96956
7.59994
5.40733
5.40733
5.30315
6.75474
5.91705
6.11858
6.11858
6.11858
7.06799
7.06799
6.16344
3.52802
5.52069
3.44322
3.69479
3.91252
3.73977
4.21826
7.01863
4.8572
4.8572
5.51006
5.51006
5.87911
6.83767
6.26595
6.26595
6.26595
6.26595
6.26595
5.77988
6.19737
6.19737
6.50696
7.36012
9.25227
9.78554
9.78554
9.78554
8.47811
7.17056
7.17056
5.18564
5.18564
2.56121
2.56121
3.96709
3.61883
3.42375
3.42375
3.42375
3.21563
3.21563
3.21563
3.92435
3.46906
3.09668
3.09668
3.09668
3.09668
4.23854
2.85547
0.862668
3.44176
3.44176
3.44176
3.44176
3.44176
3.44176
3.44176
3.36092
5.26628
4.29189
6.03348
6.89472
6.89472
6.89472
6.69992
6.69992
6.69992
3.85837
3.85837
3.85837
2.81732
2.81732
2.81732
2.81732
2.81732
2.56984
2.56984
2.56984
2.56984
2.56984
2.57095
2.57095
3.58718
4.51581
4.51581
7.59638
6.73369
6.64267
6.64267
6.64267
6.63618
6.63618
4.22251
4.22251
0.683425
4.32153
4.32153
4.7022
4.7022
4.7022
7.38544
7.38544
7.38544
4.08195
2.08757
2.08757
2.08757
2.08757
2.08757
2.08757
2.08757
2.08757
1.07712
1.93638
1.93638
3.20249
3.20249
6.44409
6.44409
8.86454
7.50366
7.50366
6.55949
6.55949
6.55949
6.55949
6.17444
6.17444
6.17444
6.17444
4.55991
2.99733
2.70927
2.70927
2.70927
2.70927
4.06353
4.06353
5.3478
5.3478
5.07709
5.07709
5.07709
4.0622
4.26834
4.26834
4.26834
4.36595
3.41446
5.20539
5.20539
5.20539
5.33097
6.7549
6.7549
4.68137
4.68137
4.68137
3.68462
3.02095
2.16591
4.55727
4.55727
4.55727
4.55727
4.5423
5.78524
4.60989
4.60989
4.60989
3.47727
3.47727
1.19092
1.19092
1.19092
3.80835
3.80835
3.80835
2.43965
2.43965
2.43965
2.43965
3.8962
3.8962
6.32947
5.04275
5.04275
5.04275
2.45391
3.05476
3.05476
3.05476
5.28222
2.88492
4.45628
3.54996
3.54996
3.54996
2.33022
2.21216
4.42493
4.42493
4.42493
4.42493
2.74725
2.74725
3.70081
3.70081
1.21899
1.21899
1.21899
4.55679
4.55679
4.55679
4.55679
4.55679
4.55679
3.77561
3.77561
3.77561
4.76811
2.11076
2.21371
2.21371
2.21371
2.39256
2.39256
2.31908
3.52724
3.52724
3.52724
3.52724
4.54263
6.03832
6.03832
4.89677
4.89677
4.51071
3.22709
3.22709
1.96938
1.96938
2.76505
2.76505
2.76505
1.31791
1.31791
1.31791
1.31791
1.31791
1.31791
3.63801
3.63801
3.63801
3.63801
3.63801
4.3204
4.3204
4.3204
4.3204
6.10656
3.17108
3.17108
3.33452
2.46972
2.46972
1.41342
1.41342
1.41342
2.97523
2.97523
2.97523
5.28695
7.17147
7.17147
7.17147
5.48453
5.48453
8.5364
8.5364
8.5364
8.5364
5.95585
5.95585
4.95367
4.95367
4.95367
4.95367
3.5793
3.5793
3.5793
3.5793
3.5793
3.5793
3.5793
6.76029
6.76029
6.76029
8.50775
6.76618
7.10542
7.94668
7.94668
4.58865
4.58865
3.11944
3.11944
3.08638
3.39897
3.45966
1.99392
3.36019
1.9501
4.4283
4.4283
6.47864
6.62983
6.66312
7.11093
5.66539
6.57884
5.93263
4.01183
4.01183
3.81752
6.75161
8.35488
8.22966
8.22966
6.54738
8.84424
8.84424
7.92132
7.02088
7.02088
9.82162
9.82162
9.36765
9.36765
11.7074
11.7074
9.93242
8.91057
8.43336
7.69375
7.69375
7.69375
7.69375
7.69375
5.84383
5.84383
5.84383
2.8848
2.8848
2.8848
2.8848
2.8848
2.8848
2.8848
3.33428
2.1988
1.61727
1.61727
1.61727
1.61727
1.90017
1.90017
1.90017
2.2627
4.4839
4.08753
4.08753
4.08753
3.10033
3.10033
3.10033
3.10033
3.10033
3.10033
3.10033
2.70114
1.67489
1.67489
3.04395
3.04395
3.04395
3.04395
1.91377
1.61653
1.61653
1.61653
3.70958
5.11357
2.04664
2.75046
2.75046
2.75046
2.75046
2.75046
3.93965
3.93965
4.24899
4.24899
2.05502
5.07037
5.07037
3.79944
3.79944
2.62441
2.62441
4.61613
4.61613
4.61613
4.61613
4.61613
3.72187
3.72187
3.72187
3.72187
4.3267
5.41236
5.41236
4.72349
4.72349
4.72349
3.94145
3.94145
3.46811
3.46811
2.23778
2.23778
3.512
3.512
3.50069
3.50069
0.849542
2.45761
2.45761
2.45761
2.45761
2.45761
2.45761
2.45761
2.45761
2.45761
2.45761
3.33513
3.33513
3.33513
5.48461
7.24778
4.50662
4.74252
5.30246
5.30246
5.30246
5.30246
3.47888
3.47888
3.47888
3.47888
5.9605
5.9605
6.50701
8.24822
8.24822
8.24822
7.43702
7.43702
6.29077
6.29077
6.29077
6.29077
6.29077
6.29077
4.20354
5.73387
5.73387
5.73387
5.73387
5.73387
6.32966
6.32966
3.52422
3.52422
3.45891
2.75573
2.75573
2.51512
2.51512
2.51512
2.51512
2.51512
2.51512
2.51512
2.51512
3.77549
1.35801
1.35801
3.89326
3.89326
2.81769
4.96806
6.51875
5.94665
8.43975
5.48844
5.48844
6.03943
7.17298
6.55489
6.55489
6.55489
6.14194
7.35807
8.8461
8.8461
8.8461
10.0362
10.0362
10.0362
8.69065
10.9298
8.72772
8.72772
8.72772
8.72772
8.72772
7.60708
7.60708
7.60708
7.60708
7.60708
7.60708
9.49026
8.20123
5.30801
2.68616
3.54376
2.12772
2.12772
2.12772
2.12772
3.52914
3.52914
3.52914
3.52914
3.52914
4.43494
3.09042
3.09042
3.09042
3.09042
3.32468
2.53944
2.53944
2.53944
2.53944
2.53944
2.53944
2.53944
2.53944
2.53944
2.53944
2.53944
4.38872
4.38872
5.24553
5.24553
5.24553
5.24553
5.24553
3.09437
3.09437
3.09437
2.29893
4.68866
4.68866
4.79004
7.24078
6.96388
6.34306
7.22639
6.2117
6.2117
5.93798
5.93798
4.22614
4.22614
4.22614
4.22614
5.25764
5.25764
4.66757
4.66757
4.66757
5.49311
5.49311
5.49311
5.49311
5.07203
5.07203
5.07203
5.07203
5.07203
3.00916
2.91645
2.91645
2.91645
2.91645
3.08499
3.08499
2.19551
2.19551
3.10439
6.3266
7.44564
5.21143
5.68748
3.16028
3.16028
3.16028
3.16028
3.16028
3.16028
3.78614
3.0506
4.32507
1.75659
1.75659
3.02196
5.40642
5.40642
5.40642
6.2757
5.99931
6.32911
6.32911
6.32911
6.32911
5.45343
5.45343
5.45343
5.45343
5.45343
6.8232
6.8232
7.10037
6.27037
6.27037
6.27037
6.27037
6.18585
2.19099
2.19099
2.19099
2.19099
2.19099
3.64182
3.64182
3.64182
3.64182
3.64182
5.8937
5.8937
5.8937
5.8937
7.68415
7.68415
7.68415
9.2537
9.2537
11.4424
9.6785
9.6785
7.2056
7.2056
7.2056
8.62026
8.62026
8.23829
9.41141
9.41141
8.08687
8.01996
7.16884
8.3319
7.65242
7.65242
6.29787
8.36891
8.36891
6.42488
3.82912
2.50031
2.50031
2.50031
2.50031
2.50031
2.50031
2.50031
2.50031
2.50031
4.25848
4.25848
5.1218
5.1218
4.49083
4.61464
4.61464
3.67451
4.96464
3.91321
5.86644
5.86644
5.86644
5.86644
3.38823
5.8035
5.8035
5.8035
4.30442
4.50152
5.91837
5.57467
5.57467
5.48014
5.48014
5.48014
6.7167
6.7167
6.50137
6.50137
7.73864
6.03824
7.09815
5.28849
4.9895
7.27512
9.34344
9.66431
9.66431
9.66431
10.0535
10.0535
10.0535
10.7011
10.0255
7.84619
8.8082
6.26886
6.26886
3.88423
3.88423
4.10637
4.64542
4.64542
4.64542
4.64542
4.64542
2.53199
2.53199
2.53199
2.53199
2.53199
2.18991
4.41301
4.1251
4.1251
4.1251
4.1251
4.1251
2.38903
3.81415
3.81415
6.78773
6.78773
6.78773
7.85257
7.85257
8.00978
7.6952
6.21522
3.65353
1.9178
1.9178
3.12406
3.9297
6.61663
7.1955
7.1955
7.1955
7.1955
5.66643
5.66643
7.83432
7.83432
8.91242
8.91242
8.91242
8.91242
8.91242
6.79064
7.10037
5.09776
5.09776
5.32043
4.5523
7.0929
4.54183
6.29105
6.29105
3.75098
3.75098
3.75098
3.75098
3.75098
6.13599
4.65015
4.65015
4.65015
4.65015
4.65015
4.65015
4.00661
5.24628
6.64098
6.64098
4.65774
4.09906
1.2227
4.31054
4.72724
3.32425
3.32425
3.32425
3.32425
3.32425
3.32425
3.32425
3.32425
3.32425
3.32425
3.32425
1.43169
4.11529
4.11529
4.11529
5.10682
5.10682
5.10682
3.15903
3.15903
3.15903
4.92756
5.62709
4.24026
6.85005
5.27452
5.27452
5.27452
7.81189
8.58835
8.58835
10.2545
8.07986
8.07986
8.15717
8.17475
7.08535
7.08535
7.08535
7.63728
5.64342
4.42032
3.53847
4.69372
4.69372
4.69372
4.69372
4.48979
4.48979
4.68295
5.73684
3.60676
3.60676
3.60676
3.60676
3.60676
0.954776
1.62751
1.62751
3.38469
2.96734
2.96734
3.52264
3.52264
3.12463
3.07182
3.07182
2.15077
2.15077
3.89178
3.89178
3.91029
3.1504
3.6264
6.64014
6.64014
5.6782
5.6782
4.56785
4.56785
4.344
4.344
4.55544
4.55544
4.55544
3.80085
3.80085
3.80085
3.80085
3.80085
6.01813
6.01813
4.3415
3.61285
3.61285
3.61285
3.11587
3.11587
3.11587
3.11587
3.11587
3.11941
1.32699
1.32699
1.3393
3.24837
1.71365
0.716912
3.64751
3.64751
3.64751
5.35633
5.87037
5.87037
5.87037
5.41628
5.41628
5.41628
5.41628
3.25132
0.727326
2.98356
5.74391
5.74391
5.74391
7.60558
7.60558
7.89307
7.56937
7.56937
7.56937
6.49188
6.49188
7.28115
5.87048
4.47866
4.47866
4.47866
4.47866
4.72768
4.72768
3.9693
0.979079
0.979079
0.979079
1.91858
1.91858
1.91858
1.55629
1.86263
1.86263
1.12154
1.12154
3.42325
5.25727
5.25727
8.16983
7.09444
4.53371
4.53371
4.53371
4.53371
2.36732
2.36732
2.36732
2.36732
2.36732
4.78143
4.78143
5.92379
5.88126
5.97976
5.13357
3.10595
3.10595
3.29711
4.67133
4.67133
4.67133
4.32233
2.75475
2.75475
3.48686
3.13574
3.13574
3.13574
3.13574
3.13574
3.13574
3.13574
4.46608
4.46608
6.53978
3.94246
4.55629
3.4536
3.4536
3.4536
2.83306
2.63077
2.63077
2.63077
2.90866
2.90866
4.70605
4.70605
4.70605
4.70605
2.60431
2.59659
2.59659
2.59659
2.60771
3.01453
3.01453
3.18025
3.18025
3.18025
3.18025
3.18025
3.18025
3.18025
3.18025
3.18025
3.18025
3.18025
4.51662
4.51662
4.51662
5.17617
5.17617
5.17617
3.92327
3.92327
3.14431
3.14431
3.14431
2.98899
2.98899
2.98899
2.98899
2.98899
2.98899
3.65113
3.65113
2.89695
2.28698
2.28698
2.28698
2.28698
2.28698
2.28698
5.02459
5.02459
5.02459
5.02459
3.846
3.846
3.846
3.846
3.846
4.13509
2.87947
1.82734
2.07157
2.07157
2.07157
2.19744
2.19744
2.19744
3.73705
3.73705
3.73705
3.73705
1.85756
2.58636
2.58636
2.03738
2.03738
2.05114
2.05114
4.99752
6.17347
7.32897
9.95
9.95
9.63421
6.85076
7.43639
5.97438
5.92277
5.92277
1.93488
1.93488
3.04702
4.82898
6.91403
5.60425
4.04123
4.04123
4.12926
5.18803
5.18803
6.00846
6.00846
6.00846
6.00846
5.52443
5.52443
3.80882
3.80882
2.37665
2.37665
2.37665
2.37665
4.28847
3.94225
3.94225
3.94225
3.27549
5.51079
5.51079
3.72412
6.04604
7.83808
7.83808
8.02924
5.74155
6.08597
5.92782
5.92782
6.20036
6.81632
6.81632
6.81632
6.81632
5.34397
5.34397
5.34397
5.34397
5.34397
5.34397
5.34397
4.2769
4.2769
4.71242
1.64237
4.40101
4.74087
4.74087
4.74087
4.74087
4.74087
4.74087
1.67333
1.67333
2.7857
2.7857
2.7857
2.7857
4.18599
4.07668
5.60554
6.66086
6.66086
6.66086
6.66086
6.66086
6.66086
6.66086
6.66086
6.06913
6.06913
6.06913
3.81236
3.81236
2.95566
2.95566
5.76281
5.86509
5.86509
5.86509
4.90399
4.16566
4.16566
4.16566
3.78927
1.59336
1.59336
1.59336
1.59336
1.59336
1.59336
1.59336
4.15767
4.15767
3.35131
4.45967
4.33324
4.33324
4.33324
4.84442
4.15389
4.44717
2.72101
2.72101
3.77625
3.77625
3.77625
1.99964
1.99964
3.8876
3.8876
3.8876
3.8876
2.71804
4.61658
4.61658
6.49424
6.67133
5.68871
5.21612
5.21612
5.21612
3.31925
3.31925
3.31925
3.31925
2.67167
2.67167
2.67167
2.67167
3.36604
3.36604
3.36604
3.36604
4.69359
4.55975
6.70862
6.70862
6.70862
6.70862
6.70862
6.70862
7.58
7.58
9.70778
9.70778
8.33736
7.68385
5.48106
3.70869
3.70869
3.70869
3.26255
3.26255
1.95904
1.95904
1.95904
3.44331
4.14192
4.14192
4.14192
4.14192
4.83775
6.13262
6.13262
6.13262
5.82455
4.02076
4.02076
4.97265
1.55021
2.44369
2.44369
3.08392
3.08392
3.08392
3.08392
3.08392
3.38217
4.93344
4.17787
4.53911
3.01923
2.38754
2.38754
2.38754
3.81551
3.81551
3.5184
3.59675
2.31431
2.31431
2.31431
2.31431
2.31431
2.31431
3.93955
4.96968
4.96968
2.85215
2.85215
2.85215
2.85215
2.85215
2.85215
5.2319
6.90227
5.02403
5.02403
5.02403
7.47017
8.19993
6.51765
6.51765
5.36116
5.36116
2.24839
2.24839
2.24839
2.24839
2.24839
2.24839
2.6244
2.6244
4.81794
4.76252
4.76252
7.80194
7.80194
7.78143
7.78143
7.78143
8.14782
8.19499
9.071
9.071
9.071
9.071
8.68615
8.68615
8.68615
5.80814
3.17852
3.17852
3.17852
3.89527
2.54337
4.70532
4.70532
4.70532
5.4228
5.4228
5.4228
6.55677
6.55677
6.55677
6.45728
5.3157
5.3157
4.51045
3.92508
4.33288
4.33288
4.33288
4.30295
4.30295
4.30295
2.83256
3.76628
3.54266
6.37801
6.37801
5.17383
5.90183
5.90183
8.00105
6.78578
6.78578
6.78578
6.78578
7.13654
7.13654
7.86932
7.86932
7.95139
5.95899
4.5611
4.5611
2.89818
2.1127
2.1127
2.1127
4.55857
4.55857
4.55857
3.35501
3.35501
3.35501
3.35501
3.35501
3.35501
4.26831
4.92883
4.92883
4.47917
4.47917
2.54367
2.54367
3.85738
1.29664
1.29664
4.61176
4.61176
4.61176
4.61176
4.61176
4.8216
6.46174
7.7804
5.23664
5.23664
4.34151
4.34151
4.34151
4.60623
4.60623
4.60623
4.60623
4.60623
4.92827
4.92827
4.60706
4.8851
4.8851
3.52127
3.52127
1.80289
4.62082
4.62082
6.23706
6.04999
8.5722
8.1493
8.1493
8.1493
8.3787
6.95578
8.62706
8.62706
7.28445
7.28445
7.28445
6.85598
6.85598
6.85598
6.85598
10.1516
10.1516
11.008
9.17088
8.14829
8.14829
8.14829
5.86092
7.16586
8.3809
8.3809
8.3809
8.3809
8.54322
7.70602
7.70602
10.3304
9.43929
7.24828
6.79982
6.60453
6.50263
4.91011
3.42057
3.42057
2.87494
2.97213
2.97213
2.97213
2.97213
2.97213
2.97213
2.97213
2.97213
2.97213
2.97213
4.77831
4.77831
5.18496
3.19461
3.19461
3.19461
3.19461
3.19461
3.19461
3.19461
3.19461
2.43725
2.43725
2.43725
3.40298
2.54375
2.54375
2.54375
2.54375
2.54375
2.54375
2.54375
2.54375
2.54375
4.20478
3.23134
1.45775
1.45775
1.45775
1.45775
1.45775
1.45775
4.85254
5.82625
5.82625
5.79458
5.79458
7.43147
7.72129
7.72129
6.96517
6.29225
6.29225
6.29225
3.75621
5.84102
5.84102
3.4292
3.4292
3.4292
5.92997
6.22984
7.33688
7.33688
5.68528
8.38622
8.38622
7.64291
7.64291
7.80501
4.42004
4.42004
4.42004
4.42004
4.42004
4.42004
3.67599
3.67599
4.95938
4.95938
4.95938
6.81348
6.81348
6.81348
6.42217
7.40674
6.66747
6.9341
6.9341
6.1449
4.41661
4.41661
4.41661
4.41661
4.41661
5.74919
5.31295
5.31295
5.31295
5.31295
5.31295
5.31295
5.31295
3.6275
3.64252
3.64252
3.64252
3.64252
3.64252
3.62594
3.62594
3.62594
5.97806
5.97806
8.09377
8.09377
6.03294
6.71679
6.71679
9.00361
7.60894
7.40559
8.15587
6.88956
6.88956
6.88956
4.48143
4.48143
2.76656
2.76656
2.76656
2.76656
3.99086
3.99086
5.03793
5.03793
5.03793
3.63448
3.63448
3.63448
3.53596
3.53596
3.53596
3.56223
3.56223
3.56223
3.56223
3.56223
3.56223
3.56223
4.20727
4.20727
4.92215
4.92215
4.92215
3.93086
3.93086
3.93086
4.0391
3.1285
3.1285
3.20816
3.20816
2.18838
4.04377
4.87266
5.20943
7.07965
7.07965
9.81225
9.81225
10.4993
10.4993
12.5601
12.5601
12.0698
12.0459
12.0459
7.75055
7.75055
7.82842
6.12624
4.22333
5.72497
5.72497
6.43945
6.61291
6.61291
6.80448
5.66386
5.66386
4.19292
4.19292
6.52598
7.9424
10.3606
10.4456
7.43651
8.13072
8.13072
8.13072
8.13072
8.13072
10.2117
10.2117
10.2117
10.2117
10.364
9.97485
9.30464
8.03926
5.69635
5.69635
3.8813
3.8813
3.47936
4.68992
2.75063
2.75063
2.75063
2.75063
2.75063
2.75063
2.75063
2.75063
2.67147
1.629
1.629
1.629
1.629
1.629
1.629
1.629
4.90203
3.10769
3.10769
3.10769
3.14088
3.14088
4.42878
4.42878
5.98439
3.51288
3.51288
3.51288
3.51288
2.8551
3.38438
3.37621
3.37621
3.37621
4.47941
4.47941
4.79737
4.79737
3.7104
2.83294
3.15261
1.12505
3.10079
3.10079
3.10079
1.21094
1.21094
4.02008
2.01668
4.3856
3.85256
4.94079
4.94079
6.10354
5.93923
5.93923
5.93923
2.88722
2.88722
2.88722
3.76012
3.48364
3.48364
1.84852
4.89419
4.89419
6.21328
3.56901
1.974
2.87166
2.87166
2.87166
4.38174
4.38174
5.35067
5.35067
5.35067
5.35067
5.35067
3.86016
2.38342
2.38342
4.20823
3.22941
1.7377
1.7377
2.83363
2.83363
4.55454
4.55454
4.55454
3.67886
3.67886
3.67886
5.67318
4.48024
4.48024
4.48024
4.48024
4.48024
4.48024
5.12447
5.67391
5.67391
5.67391
6.71032
8.53847
6.86005
6.86005
6.86005
4.80003
4.80003
4.80003
4.80003
4.80003
5.04121
3.80387
2.79279
5.32924
5.32924
4.58852
4.58852
4.58852
4.56709
6.2483
6.69678
6.79634
6.13544
6.13544
4.55906
3.26287
3.26287
1.36272
1.36272
1.98437
1.51863
3.14782
2.74677
4.16703
4.16703
5.52447
5.06198
6.32196
4.84883
4.95459
4.95459
5.89983
3.99961
5.32975
5.61438
5.61438
5.17457
5.17457
5.17457
5.17457
4.80778
5.29456
4.26454
4.1576
4.1576
4.1576
5.28798
5.16879
5.16879
8.61196
6.83079
4.1842
4.1842
4.1842
4.72672
4.72672
5.45171
5.45171
5.80133
4.54538
4.54538
4.54538
6.68415
6.68415
6.68415
6.68415
6.68415
7.82641
8.55582
7.40126
7.40126
7.40126
7.40126
7.40126
6.99945
7.63942
7.30856
7.30856
6.09436
4.40363
4.40363
4.40363
3.22318
3.22318
1.99653
4.57825
4.57825
4.57825
2.92447
3.56771
3.56771
3.56771
3.56771
1.41462
1.41462
1.41462
1.41462
1.41462
1.41462
1.41462
1.41462
1.41462
1.41462
1.41462
3.93904
4.2659
4.2659
3.85633
2.64534
2.64534
2.64534
2.64534
2.64534
2.64534
1.18227
3.6956
1.12732
1.53998
1.53998
1.53998
2.61463
2.45262
2.45262
2.45262
2.45262
5.16337
4.17405
4.70025
4.70025
4.70025
4.70025
5.06688
3.91572
4.47085
4.47085
4.75786
5.70383
5.24401
8.03705
7.55536
7.55536
6.58046
6.58046
6.11485
7.19744
4.60454
4.60454
4.60454
5.26257
5.30907
5.30907
3.99082
4.7633
4.7633
4.7633
4.7633
5.28634
5.24252
6.07354
6.07354
6.07354
6.07354
6.6739
6.6739
6.92311
6.33467
6.33467
7.47773
6.55518
6.55518
4.25594
4.25594
4.25594
4.25594
4.25594
4.25594
5.68534
5.68534
5.68534
5.68534
4.11898
5.4862
5.4862
5.27323
5.27323
5.27323
5.27323
6.46349
6.46349
6.82341
5.67037
5.24222
5.92914
6.71346
6.74415
6.57351
6.57351
2.75202
2.01237
3.72745
3.72745
3.27451
3.27451
3.27451
3.27451
3.6181
3.6181
3.6181
3.72534
3.73345
4.60576
2.48984
5.38469
5.38469
4.54517
5.12994
5.12994
1.64693
3.38171
2.56482
3.95656
3.95656
4.10888
4.10888
4.10888
4.10888
4.10888
4.10888
4.10888
4.81254
3.28564
3.64007
3.64007
3.64007
4.24893
4.24893
4.24893
3.75703
3.75703
2.21894
3.01855
3.93634
3.93634
1.64267
1.64267
1.64267
1.64267
2.65023
2.65023
3.96756
3.97791
3.05261
3.05261
3.05261
4.45059
5.85384
4.96259
4.24301
4.24301
4.24301
5.21695
4.91011
4.91011
3.42916
3.42916
3.42916
3.42916
3.7241
4.61161
4.61161
3.39704
3.43438
3.43438
3.91711
3.91711
3.91711
3.91711
3.91711
3.91711
3.91711
3.91711
3.91711
3.91711
5.05242
5.05242
6.08203
6.08203
6.08203
6.08203
6.08203
6.54379
5.2585
5.2585
4.46344
4.46344
4.46344
5.06402
4.86537
4.86537
4.86537
4.86537
4.86537
4.86537
4.86537
4.86537
2.62314
2.62314
2.62314
1.91267
6.06998
6.06998
6.06998
3.28594
3.28594
3.28594
4.32692
3.85066
6.31257
5.21921
3.28461
3.28461
2.98848
2.98848
3.23929
4.77127
4.77127
4.77127
4.77127
3.42046
3.42046
3.42046
3.42046
3.93627
4.88262
4.4526
4.4526
5.98561
6.71043
5.50701
5.00787
5.33537
5.11528
5.11528
7.28329
5.16417
4.78607
2.22381
2.22381
2.22381
2.22381
2.22381
5.54755
4.04126
4.04126
3.2093
4.76363
4.76363
4.76363
5.43449
5.43449
5.43449
5.16718
4.69438
2.48226
3.57287
3.57287
3.57287
4.12009
4.12009
4.12009
4.12009
4.21853
4.78579
4.78579
4.56399
4.56399
4.56399
4.56399
4.56399
4.56399
4.56399
4.56399
4.56399
6.01857
6.01857
9.02604
6.64775
6.64775
5.8948
5.8948
5.8948
5.14777
7.10454
7.10454
6.63145
7.66263
4.84117
5.10398
5.10398
5.10398
3.93659
3.93659
3.93659
3.93659
4.0324
4.0324
4.0324
4.0324
4.0324
4.0324
4.50246
3.35605
2.48281
2.48281
3.35704
3.35704
4.43003
4.43003
3.01262
3.77349
4.80039
4.80039
3.93112
3.93112
2.66727
3.36885
5.09098
7.72697
3.4857
3.4857
3.4857
3.4857
3.4857
3.4857
2.81936
2.81936
2.81936
3.27832
3.27832
4.76508
4.76508
3.7202
3.7202
3.7202
1.59779
1.59779
1.59779
1.59779
1.59779
1.59779
1.59779
3.11241
0.569104
3.68411
4.89099
4.89099
4.89099
4.89099
4.89099
4.89099
4.89099
4.89099
4.89099
4.89099
6.83691
6.83691
6.82152
7.78962
7.78962
5.10157
4.20198
4.46638
4.46638
4.46638
2.75978
4.38664
4.38664
3.0755
3.0755
3.0755
3.0755
3.0755
4.43365
4.92578
4.92578
6.11852
6.11852
6.11852
6.11852
7.49697
9.40424
9.40424
8.77736
7.00376
7.93705
9.95126
9.95126
9.08601
5.74149
5.74149
5.41794
5.88085
5.88085
5.67406
3.20961
3.20961
3.92329
2.49426
2.49426
2.49426
2.49426
2.27023
2.27023
2.27023
2.59741
2.59741
2.09629
3.77412
4.58451
3.89877
3.89877
2.32784
2.32784
2.81463
3.33258
4.56013
4.56013
4.0834
7.32906
7.32906
7.32906
7.79787
7.79787
6.88523
7.57581
7.57581
7.57581
8.86944
9.63987
9.63987
9.84065
6.68759
6.68759
8.05892
8.05892
7.90195
7.90195
7.11072
7.11072
5.72487
3.53476
5.0877
5.0877
5.0877
5.0877
3.5224
3.5224
3.5224
3.5224
3.5224
3.8805
4.55495
2.27324
2.27324
2.27324
2.27324
2.27324
2.27324
2.27324
2.27324
2.27324
3.46452
3.46452
4.18813
4.18813
4.86259
4.76676
4.76676
4.76676
2.53185
3.27896
3.27896
3.27896
3.27896
3.27896
2.85425
2.85425
2.85425
2.85425
2.85425
2.43961
2.09562
2.09562
4.66074
4.66074
6.09536
5.29426
6.00063
5.45205
5.45205
5.43753
5.43753
2.41104
2.41104
2.41104
2.41104
2.41104
2.41104
2.41104
2.41104
2.06246
1.69641
2.04149
2.04149
2.04149
2.04149
2.04149
2.04149
2.04149
2.04149
2.9484
2.7837
2.7837
4.5598
5.68607
5.68607
5.68607
7.95936
7.95936
7.95936
4.89463
5.07626
5.54525
5.54525
6.93648
6.93648
4.21676
4.21676
4.21676
4.21676
1.49795
3.72785
3.72785
1.42529
1.42529
3.83331
3.83331
6.30473
8.77992
11.0637
11.0637
10.7057
8.89054
10.3679
10.3679
10.0513
7.7045
7.70454
7.70454
6.55549
3.07304
4.61063
4.61063
4.61063
2.01938
1.84374
1.84374
1.84374
1.26124
3.95309
3.95309
2.16477
4.95889
4.95889
5.27467
5.27467
5.27467
5.27467
5.27467
5.27467
4.21608
4.21608
4.95114
2.33198
2.33198
4.42544
4.42544
5.14519
3.96773
3.96773
3.96773
3.96773
3.96773
3.96773
3.96773
6.15977
6.15977
3.8884
2.84393
2.84393
2.84393
2.84393
2.84393
2.84393
2.84393
2.84393
2.84393
2.73875
4.42888
6.07027
6.07027
6.07027
4.27523
3.43284
2.89113
2.89113
2.20294
2.20294
3.02397
3.02397
3.20055
3.20055
3.20055
3.20055
3.20055
3.20055
3.20055
2.9998
3.44615
3.44615
3.44615
3.44615
3.44615
3.20383
3.20383
4.89477
4.89477
4.89477
2.58371
2.80276
2.80276
2.80276
2.80276
2.80276
2.80276
2.80276
2.80276
2.80276
2.80276
2.80276
5.46778
6.22172
6.22172
6.22172
6.22172
6.22172
5.50411
5.50411
5.03913
6.33089
8.24914
9.80724
9.80724
10.0505
10.0505
8.55253
8.58114
8.58114
8.58114
8.35963
8.35963
8.35963
8.35963
7.59817
7.59817
7.31988
6.72468
5.79008
5.79008
7.6005
4.47653
4.47653
6.61946
6.61946
9.01552
9.37635
11.853
9.26588
9.26588
9.32629
7.3754
3.2655
3.2655
2.59805
2.59805
4.47913
4.47913
3.54339
3.54339
3.54339
3.54339
4.89976
4.89976
4.89976
6.68007
6.68007
6.68007
6.68007
7.62185
7.41679
7.41679
7.41679
7.13261
7.82526
6.28863
6.56708
3.51692
3.51692
3.51692
3.51692
3.51692
3.51692
3.51692
3.51692
1.83504
2.47045
2.47045
2.47045
2.47045
3.94118
3.34029
3.34029
3.60793
5.24516
5.24516
5.57501
5.57501
5.57501
6.27407
8.7867
8.7867
8.7867
8.7867
7.23429
7.04123
7.2907
5.5308
7.61594
6.52693
7.19899
7.19899
7.19899
4.54103
1.89697
1.13733
1.13733
3.28303
3.28303
4.7385
3.19592
3.50374
1.80534
4.65801
5.19967
3.80396
3.80396
4.70835
4.70835
4.47348
4.47348
4.47348
6.03652
6.03652
7.95222
7.95222
9.65362
9.79453
9.79453
9.85441
9.85441
10.014
10.014
10.014
10.014
11.9063
9.72507
6.20973
6.20973
5.92856
5.92856
5.92856
5.92856
5.92856
5.92856
7.0735
7.0735
7.0735
7.0735
7.00936
7.00936
4.34976
3.90239
2.14468
2.04409
1.20953
1.20953
3.03536
3.03536
3.03536
3.53924
3.53924
3.53924
4.00851
4.00851
4.35994
4.35994
4.35994
4.80414
7.77226
7.77226
7.77226
6.85339
6.19871
6.19871
6.12268
4.04308
4.04308
2.98725
4.23112
4.15937
4.54818
3.81476
3.81476
1.09551
1.09551
1.09551
1.09551
1.09551
2.23415
2.23415
2.23415
2.23415
2.70345
2.70345
2.70345
2.41492
2.41492
2.41492
2.41492
2.41492
2.41492
2.41492
4.58105
4.63163
4.93912
4.93912
4.93912
4.93912
4.93912
4.93912
5.9586
3.58418
2.87282
2.87282
2.87282
2.87282
2.87282
2.87282
2.87282
2.87282
2.87282
2.87282
2.87282
2.87282
2.87282
2.87282
2.87282
2.87282
2.87282
2.25116
2.25116
2.25116
2.25116
2.25116
2.25116
2.25116
2.25116
2.25116
2.25116
2.97916
4.77486
4.77486
4.01509
4.01509
4.01509
1.23246
1.23246
1.23246
3.14925
3.14925
3.14925
3.14925
3.14925
3.14925
3.84904
1.54242
1.54242
1.54242
1.54242
1.54242
1.54242
1.54242
2.97783
2.97783
2.97783
4.18936
4.18936
4.18936
4.18936
4.18936
4.80065
4.80065
2.05495
2.05495
2.19891
2.19891
1.79773
1.79773
1.79773
1.79773
2.70997
2.70997
2.70997
2.70997
2.70997
3.40621
3.60343
3.60343
3.60343
4.20438
4.25137
3.63752
3.63752
6.83153
6.83153
5.13715
4.62792
4.62792
4.62792
4.62792
4.62792
4.62792
4.62792
3.39568
3.39568
6.85111
8.71701
7.83736
7.83736
4.75428
4.75428
4.75428
4.75428
4.75428
4.75428
4.73747
4.73747
4.73747
4.73747
2.47531
2.47531
2.47531
2.47531
3.33991
3.33991
3.33991
3.33991
3.50608
4.16417
4.16417
4.16417
4.08552
4.08552
2.62188
2.62188
2.62188
4.25301
3.53179
4.64208
4.64208
4.64208
4.64208
4.64208
5.0406
3.83941
4.13153
4.13153
4.13153
4.13153
3.2205
3.2205
3.2205
3.2205
3.2205
3.61648
5.16711
4.10249
5.31981
5.87766
5.87766
5.87766
5.87766
3.64022
4.32044
3.74271
3.74271
1.066
1.43177
1.43177
3.06126
4.06905
4.06905
0.949987
0.949987
3.7822
6.06571
6.06571
6.06571
6.06571
6.06571
5.0651
7.26031
4.98443
3.25024
3.25024
2.77697
2.77697
2.77697
2.77697
4.56059
4.56059
4.27535
2.6312
1.06449
1.06449
3.53749
3.53749
4.5757
4.5757
3.63742
3.63742
3.63742
3.97629
3.97629
3.97629
3.97629
3.97629
3.97629
2.92919
3.74998
3.74998
3.74998
3.74998
4.4354
4.4354
3.90822
3.94012
3.94012
3.94012
3.94012
3.94012
3.94012
3.94012
3.94012
4.71233
4.71233
1.70228
1.70228
1.70228
1.70228
1.70228
3.02854
3.02854
2.57735
2.78774
4.08789
4.08789
4.08789
4.08789
4.08789
4.08789
1.09456
3.02304
3.02304
2.83256
4.38292
4.26121
4.26121
3.43379
3.43379
3.24895
6.95801
5.54134
7.27978
7.27978
7.27978
7.27978
5.31923
7.57302
7.57302
9.01045
8.44278
6.95365
5.07191
5.07191
5.27171
5.27171
5.27171
5.27171
5.68647
4.73754
3.19245
3.19245
3.19245
3.49811
1.6467
4.32965
3.90361
4.19775
4.19775
4.23948
4.99068
4.99068
4.99068
4.99068
4.38919
2.91856
2.91856
4.77389
3.13738
3.13738
3.13738
3.13738
3.13738
3.13738
5.25472
5.25472
5.25472
3.49311
3.49311
3.49311
3.49311
3.49311
3.54523
3.54523
3.54523
3.54523
2.17455
1.9883
3.56518
3.56518
3.74625
3.74625
3.74625
3.74625
3.57141
3.0994
3.29702
3.29702
3.20035
3.20035
3.68676
3.68676
3.68676
5.50658
5.50317
4.78619
4.78619
4.78619
6.2473
6.64083
6.64083
4.48275
4.48275
4.09889
4.09889
4.09889
4.37688
1.54311
1.96346
1.96346
1.96346
1.96346
4.82314
5.04387
2.65996
1.5945
1.5945
1.5945
5.70152
6.41674
6.78622
7.12138
7.78293
6.61038
6.61038
5.00991
5.46035
5.46035
5.74024
5.57066
6.90732
6.90732
6.04612
4.98054
4.98054
6.36847
6.78788
9.07442
8.56741
8.56741
8.56741
8.88382
8.88382
9.30851
9.06561
6.52807
6.52807
5.63053
5.63053
5.63053
3.65215
5.04027
5.04027
5.04027
5.04027
5.04027
5.24883
4.21454
4.21454
3.75711
4.03081
4.03081
3.44712
3.44712
3.44712
4.10703
4.10703
3.23181
3.23181
3.23181
2.16694
4.69378
4.69378
5.9142
5.9142
5.9142
3.2054
3.2054
4.66274
5.98415
4.75863
5.08567
5.7175
2.91121
2.91121
2.91121
2.7656
0.878412
3.25355
1.65187
4.25019
4.25019
4.25019
4.25019
4.25019
3.48347
3.48347
3.48347
3.77911
3.77911
5.85825
6.28478
6.28478
6.28478
2.93102
2.93102
3.29921
3.29921
3.29921
3.29921
3.29921
1.42271
3.62701
3.62701
0.791009
0.791009
1.89944
1.89944
1.48964
1.71153
2.98765
2.98765
2.98765
2.98765
2.98765
5.16823
4.40517
2.96874
2.96874
2.99759
4.87255
4.81662
4.81662
4.81662
4.81662
5.6595
4.70093
4.70093
4.43964
4.43964
5.68113
5.68113
5.49458
5.49458
3.78891
3.78891
3.65291
4.74488
3.04787
3.04787
3.04787
3.04787
3.38397
3.38397
2.11344
2.11344
2.11344
2.11344
2.11344
2.11344
1.37346
2.44548
2.44548
2.44548
3.61992
3.61992
3.61992
2.24554
2.42685
2.42685
2.42685
2.42787
2.42787
2.42787
4.21188
5.1686
5.1686
5.1686
5.1686
5.1686
4.62713
4.09993
7.01222
7.01222
7.01222
7.01222
4.47923
4.35536
5.30088
5.55955
5.55955
2.67452
5.33934
7.31105
7.59185
7.59185
7.40427
7.40427
4.85875
4.85875
4.85875
4.85875
4.85875
4.85875
5.80264
5.9248
5.9248
3.89309
3.89309
3.89309
3.89309
3.89309
3.89309
3.89309
5.65749
5.09409
5.09409
3.66315
3.66315
3.66315
2.59405
2.59405
2.59405
3.44332
3.44332
3.79298
3.79298
4.87823
4.87823
3.62967
3.62967
1.03541
3.51542
3.51542
3.51542
3.51542
3.51542
3.51542
4.55668
2.37722
2.37722
2.37722
2.37722
3.01071
3.01071
3.76761
3.76761
4.13973
4.13973
4.13973
5.3136
5.3136
5.3136
5.70847
6.93106
6.93106
3.8542
2.5123
2.5123
4.74501
2.18689
2.18689
3.8861
3.8861
3.8861
3.8861
3.8861
5.67407
5.67407
4.42031
2.21639
2.21639
2.21639
2.21639
2.21639
2.21639
5.07019
5.07019
5.07019
5.07019
3.46412
3.3568
3.3568
3.12432
4.08537
4.08537
2.39963
2.39963
2.39963
2.39963
2.39963
2.39963
3.37258
4.68001
4.68001
4.68001
2.7811
2.26693
5.04663
2.5515
2.5515
2.5515
2.5515
2.65696
2.65696
2.65696
2.59974
2.96403
2.96403
2.96403
4.2269
3.72752
3.51142
3.67095
3.67095
3.67095
5.27188
5.27188
2.65651
2.65651
2.65651
2.65651
2.65651
3.87297
3.22595
3.22595
2.21289
2.21289
2.21289
3.00916
3.00916
4.51879
4.51879
5.7331
7.86343
8.6464
8.6464
8.6464
9.65663
6.90791
3.07671
3.07671
3.07671
3.07671
3.07671
3.07671
3.07671
3.07671
3.07671
3.07671
3.27011
3.27011
3.27011
3.27011
3.27011
0.989875
2.67929
4.40435
3.79905
4.77417
2.65581
4.76064
4.76064
4.60998
4.60998
6.80368
6.80368
6.01171
6.01171
5.4817
5.4817
5.4817
5.4817
5.4817
5.4817
6.95114
5.27312
6.28846
4.06826
6.03286
6.03286
5.25093
6.81644
6.81644
6.81644
6.81644
6.81644
5.59998
5.24814
4.54056
6.0612
5.11758
8.03524
3.80845
3.80845
3.80845
3.80845
3.80845
3.80845
4.65864
4.65864
4.65864
4.65864
4.65864
4.65864
4.21422
4.30098
4.30098
4.30098
4.30098
5.266
4.86106
4.86106
5.25357
8.36515
9.79681
8.55858
8.55858
6.75044
7.63528
7.63528
7.63528
8.63317
8.63317
10.1388
10.1388
10.1388
10.1388
9.3231
