1.02342
1.02342
0.920578
0.920578
0.920578
0.920578
1.41971
1.41971
1.41971
1.41971
1.41971
1.35169
1.35169
1.35169
1.0311
1.0311
1.2295
1.2295
1.2295
0.610789
0.533045
0.520005
0.520005
0.520005
0.725969
1.16869
1.16869
1.09217
1.47036
1.47036
0.809408
0.809408
0.809408
0.809408
0.809408
0.809408
1.22063
1.21784
1.31673
0.992303
0.992303
0.992303
0.921152
0.921152
0.977998
0.977998
0.977998
0.810969
1.058
1.058
1.058
1.058
1.058
0.813756
0.54375
0.344826
0.344826
0.344826
0.344826
0.94084
0.94084
0.922907
0.922907
1.49998
1.39165
1.39165
1.99482
1.99482
1.6405
1.96043
1.07506
1.89608
1.66184
2.08493
1.87219
1.29189
1.3294
1.3294
1.87954
1.87954
1.87954
1.87954
1.04736
1.12382
1.12382
1.12382
1.50761
2.65416
2.65416
2.36632
2.36632
2.56634
2.5424
3.28099
2.77232
2.99902
2.99902
2.99902
2.24366
2.24366
2.75394
3.22204
3.19354
3.19354
2.21532
2.21532
2.85779
2.85779
2.20336
2.20336
1.6793
1.80742
1.97205
1.97205
1.35112
1.52314
1.52314
1.76976
1.76976
1.25651
1.25651
1.25651
1.25651
1.43811
1.40232
1.40232
1.45033
1.54719
1.22183
1.22183
1.22183
1.41921
1.41921
1.35444
1.35444
0.437398
0.348555
0.348555
0.348555
0.946411
0.808472
0.808472
0.808472
1.48497
1.5364
1.17866
1.17866
1.17866
0.887263
0.887263
2.00108
1.9775
2.0147
2.0147
1.66907
1.78477
1.32264
1.32264
1.32264
1.32264
0.684461
1.83628
2.81611
2.61306
2.61306
2.61306
2.61306
2.61306
2.61306
2.0939
2.0939
2.0939
1.74828
1.74828
1.74828
0.85617
0.85617
1.23337
0.825139
1.66404
0.641666
0.641666
0.641666
0.641666
1.29298
1.29298
0.589041
0.589041
1.80173
1.60445
1.60445
1.60445
1.60445
1.85704
1.85704
2.47257
2.6998
2.6998
2.41981
2.57651
2.73007
2.73007
1.94739
1.94739
1.94739
3.12011
3.12011
3.22387
3.12325
3.12325
3.11389
2.39803
2.39803
2.39803
2.31284
2.78894
2.59602
2.59602
2.59602
2.59602
3.0259
3.0259
3.0259
3.0259
3.26873
3.08839
3.14118
3.14118
3.60089
3.60089
2.70546
2.10626
1.76311
1.76311
1.06746
0.36006
0.36006
1.38885
1.26103
1.7067
1.7067
2.25573
3.11891
3.71117
3.71117
4.07278
4.07278
4.01532
4.14346
4.17206
3.757
3.757
3.757
3.757
2.55131
2.04133
2.04133
3.18988
4.42659
4.42659
4.42659
4.87103
4.82375
4.53091
4.53091
4.1007
3.86393
3.86393
3.91682
3.82976
2.58996
2.58996
1.14115
1.14115
1.15072
1.56827
1.26436
1.64749
1.46294
1.44944
1.7121
1.7121
1.30182
1.30182
1.30182
1.49398
1.08111
1.08111
1.97896
2.22277
1.57849
1.67401
1.54252
1.54252
1.54252
0.487169
0.74269
0.74269
0.734121
0.734121
0.925485
0.925485
0.925485
0.925485
0.925485
0.925485
1.11254
1.11254
1.11254
1.08503
0.756543
0.976081
0.976081
0.283995
0.283995
1.13661
1.00834
1.00834
1.00834
1.00834
1.43087
1.43087
1.11555
1.11555
1.11555
0.801939
0.801939
0.801939
0.801939
1.10692
2.27243
2.27243
1.99365
1.99365
1.61126
1.61126
1.61126
1.51266
0.222205
0.222205
0.222205
0.42038
0.42038
0.246451
0.246451
0.246451
0.246451
0.246451
0.246451
0.246451
1.06663
1.74935
1.74935
2.84464
2.84464
2.44302
2.58959
1.9707
1.70544
2.09719
2.00273
1.43965
1.43965
1.11845
1.14644
1.53378
0.634266
0.634266
0.613267
0.613267
0.613267
0.613267
0.613267
0.613267
0.613267
0.613267
0.613267
0.613267
0.613267
0.613267
0.749626
0.749626
0.749626
0.749626
0.749626
0.749626
0.749626
0.89485
1.10692
1.05737
1.05737
1.05737
1.48572
1.38316
0.689768
0.990357
1.85527
1.53866
2.00061
2.00061
2.00061
2.00061
1.39988
1.39988
1.39988
1.39844
1.39844
1.39844
1.387
1.387
1.84226
3.1039
2.58017
2.27807
1.98617
1.80527
2.35007
2.46186
2.23752
2.23752
1.62059
2.34828
1.20491
1.22624
0.91185
0.91185
0.87449
0.354531
0.354531
0.354531
0.354531
0.354531
0.354531
0.354531
0.354531
0.354531
0.354531
0.33668
0.33668
0.33668
0.33668
0.916651
0.500564
1.2526
1.2526
1.2526
1.03003
1.03003
1.32669
1.32669
1.52373
1.52373
2.39432
2.39432
2.39432
2.26538
1.0059
1.09072
0.790719
1.05986
1.05986
1.05986
0.870267
0.870267
0.870267
1.23814
1.67794
1.67794
0.920295
0.920295
0.920295
0.920295
2.10728
2.10728
2.10728
1.58667
2.13209
1.29855
1.3897
1.3897
1.3897
1.4007
0.362431
0.362431
0.362431
0.362431
1.71664
1.71664
1.71664
0.795788
0.795788
1.03424
1.03424
1.22806
1.36739
1.36739
1.88137
1.88137
1.88137
1.33583
1.6342
1.64481
2.63475
2.63475
2.38052
1.97413
0.68707
0.68707
1.35341
1.35341
2.02207
2.02207
2.06717
0.918322
0.918322
0.982387
0.84758
1.38164
1.71965
1.71965
1.71965
1.72241
1.72241
1.64395
1.62596
2.85861
2.85861
2.85861
1.67921
1.55154
1.35323
1.35423
1.41344
1.43904
1.43904
1.84963
2.30794
2.30794
1.91831
2.34701
2.34701
2.34701
2.2398
2.2398
1.31661
1.31661
1.47375
1.03065
0.653037
0.653037
1.96939
1.96939
1.96939
1.42087
1.17454
1.17454
1.17454
1.42913
1.42913
0.603813
0.603813
0.603813
1.51125
0.516904
0.516904
0.516904
1.12132
1.12132
1.76638
1.87054
2.26248
0.755554
1.6409
1.12899
1.53438
1.53438
0.525861
0.525861
0.525861
0.525861
1.20102
1.20102
1.20102
1.04408
0.978096
1.6367
1.6367
1.6367
1.6367
1.16178
1.16178
1.16178
1.16178
1.14903
1.14903
1.14903
1.14903
0.98166
0.98166
0.98166
0.98166
1.4616
2.04977
1.69764
0.497139
0.497139
0.399933
0.954108
0.954108
0.954108
0.954108
0.954108
0.954108
0.817299
0.850043
0.716476
0.716476
0.716476
1.53541
0.780453
1.99471
1.99471
2.31599
2.65196
2.65196
2.37335
2.37335
1.99153
1.99153
1.93142
0.422168
0.422168
0.422168
0.422168
0.666025
0.666025
0.666025
0.666025
0.666025
0.934571
0.421574
0.421574
0.421574
1.02835
1.02835
1.04402
1.05708
1.13554
0.723061
1.11257
1.11257
1.00868
1.00868
1.01054
1.01054
1.01054
1.4017
0.354921
0.354921
1.38189
1.38189
1.38189
1.38189
1.48345
1.48345
1.48345
1.30788
1.30788
1.30788
1.07916
0.631928
0.631928
0.631928
0.631928
0.631928
0.77053
0.992613
0.747923
0.747923
0.747923
0.747923
1.79469
2.12084
2.00847
2.60808
2.60808
2.60808
3.01235
2.61414
2.24748
1.96087
1.96087
2.0093
2.0093
1.95142
1.95142
1.95142
1.93891
1.93891
1.93891
1.69215
1.74249
1.80811
0.77998
0.77998
0.77998
0.77998
0.77998
0.862184
1.36556
1.36556
1.36556
0.730504
0.556807
1.15397
1.15397
1.4814
1.4814
0.658664
0.658664
0.842477
0.712187
0.712187
0.712187
0.712187
0.905181
1.33212
1.33212
1.88732
1.40355
2.31852
2.0257
1.29972
1.29972
1.29972
1.29972
1.44761
1.44761
2.01863
2.15129
2.15129
2.15129
2.15129
2.79786
2.79786
2.79786
2.79858
2.09074
1.37383
1.37383
1.37383
1.37383
1.14203
1.14203
1.14203
1.14203
1.14203
0.764312
0.95218
0.95218
1.94801
1.45179
1.45179
1.45179
2.18141
2.18141
1.77201
1.77201
1.77201
1.77201
0.909433
1.68321
1.68321
1.99189
1.60869
2.06569
2.41534
2.41534
1.80838
1.80838
1.80092
1.86015
1.79666
1.75415
1.75415
1.75415
1.75415
0.924047
0.924047
0.93347
1.0298
1.0298
1.29461
0.532455
0.84399
1.5999
1.5999
1.5999
1.5999
1.5999
1.5999
2.21336
2.21336
2.21336
2.21336
1.32568
0.7599
0.7599
0.7599
1.05839
1.05839
1.12975
1.3815
1.3815
1.3815
1.3815
1.3815
1.3815
1.3815
1.3815
1.3815
0.317442
0.317442
0.317442
0.317442
0.317442
0.317442
0.317442
0.317442
1.07182
0.704559
0.570879
0.570879
0.570879
0.570879
1.43721
1.27335
0.51564
0.51564
0.51564
0.902604
0.902604
0.89111
1.86468
1.86468
1.71397
1.71397
1.16806
1.65418
0.860818
0.455212
0.455212
0.455212
0.455212
0.455212
0.455212
0.455212
0.455212
0.455212
0.455212
0.70776
0.70776
1.06626
0.607447
0.607447
0.607447
0.607447
0.607447
1.48345
1.14922
1.14922
0.694879
0.87533
0.87533
0.87533
0.87533
0.87533
0.87533
0.87533
0.878191
0.878191
0.878191
0.878191
0.878191
1.12298
1.12298
1.47215
1.10051
1.10051
1.10051
1.10051
1.10051
1.81019
1.95383
2.23603
1.62965
2.96988
2.15942
2.15942
2.15942
1.81182
1.85343
1.85343
1.85343
1.71444
2.1443
0.998632
0.412156
1.21692
1.21692
1.57497
1.06887
1.06887
1.06887
1.06887
0.820209
0.820209
0.820209
1.14808
0.980834
0.848868
0.848868
0.981275
0.981275
0.644091
0.746892
0.746892
0.746892
0.92769
0.835949
0.835949
0.835949
0.835949
0.835949
1.16506
1.16506
1.70669
1.97271
0.907554
0.907554
0.907554
0.79378
0.79378
0.932951
0.932951
0.932951
0.932951
0.932951
0.932951
0.932951
0.932951
0.535201
0.906105
0.70625
0.70625
0.70625
0.332109
0.332109
0.332109
0.332109
0.619117
0.619117
0.619117
0.619117
0.591179
0.957134
0.957134
0.957134
0.957134
1.06722
1.06722
1.49953
1.65322
1.11861
0.737497
2.20539
2.20539
1.98157
1.98157
1.98157
1.98157
1.98157
1.98157
1.82145
1.82145
1.82145
1.26492
2.11242
1.49503
1.02178
1.118
1.22935
1.59135
1.85894
1.15283
1.17763
1.17763
1.58171
1.58171
1.1235
1.1235
1.10428
1.10428
0.944476
0.944476
0.760032
0.760032
0.760032
0.665196
0.665196
0.665196
1.24883
1.98464
1.39583
1.39583
1.39583
1.48981
1.78935
1.78935
1.78935
1.95897
3.21283
3.54628
3.54628
3.54628
3.54628
3.66955
4.02282
3.95132
3.36381
3.36381
2.85452
2.53152
2.38601
2.63136
1.74326
1.4924
1.4924
0.630648
1.13258
1.13258
1.13258
1.13258
1.13258
0.208486
0.208486
1.39781
1.63233
1.63233
1.63233
2.81953
1.7391
1.79447
0.933343
0.551251
0.551251
0.551251
0.551251
0.551251
0.551251
0.551251
1.07851
1.91289
2.09411
1.79856
2.01555
1.7639
2.19723
2.19723
2.19964
2.19964
2.19964
1.73697
0.705716
0.705716
1.6466
2.22395
3.03516
2.64645
3.30162
3.76663
3.51258
4.2586
3.39436
2.16735
2.16735
2.16735
2.16735
2.11916
1.06232
0.578463
0.477421
0.477421
0.477421
0.477421
0.477421
0.477421
0.477421
0.477421
0.477421
1.19845
0.413602
0.413602
0.413602
0.532105
0.532105
0.532105
0.532105
0.532105
0.532105
0.532105
0.532105
0.532105
0.532105
0.532105
0.532105
0.532105
0.49515
0.49515
1.43064
1.43064
1.43064
0.360629
0.360629
1.21341
1.67741
1.67741
1.67741
1.78374
1.48787
0.762874
0.860784
2.14811
2.5527
2.2086
2.2086
2.10667
1.94188
1.50437
2.39017
1.69208
1.69208
1.69208
1.35763
1.74798
1.74798
2.54331
2.54331
2.75074
1.57732
1.57732
1.57732
1.57732
0.859132
0.859132
0.859132
0.859132
0.859132
1.65044
2.06099
1.28004
1.28004
1.16831
1.79705
1.30616
0.60598
0.822726
0.822726
0.822726
0.822726
0.822726
0.822726
0.822726
1.90693
1.56004
1.14631
1.03842
1.03842
1.82328
0.982078
0.982078
0.809626
0.809626
1.0529
1.0529
1.35813
1.72477
1.82436
1.82436
1.82436
1.82436
1.82436
1.67976
1.67976
1.67976
1.67976
1.67976
1.67976
1.8515
1.88212
2.34724
2.34724
2.34724
1.28823
1.28823
1.02261
1.25279
1.59165
1.7476
1.7476
1.7476
2.24706
2.24706
1.40228
0.615689
1.01692
1.01692
1.02311
1.25648
1.25648
1.15755
1.22782
0.546952
0.546952
0.546952
0.546952
0.546952
0.546952
0.546952
0.546952
0.704526
0.704526
0.704526
0.704526
0.704526
0.704526
0.704526
0.704526
0.457138
0.457138
1.17768
1.18099
0.969763
1.56167
0.537917
0.650886
0.650886
0.650886
0.650886
0.761918
0.761918
0.761918
0.798975
0.798975
0.929039
1.12974
1.12974
1.12974
0.474143
0.474143
0.474143
0.474143
0.474143
0.474143
0.474143
0.474143
0.418421
0.429457
1.14031
1.14031
1.14031
1.14031
1.14031
1.67391
1.7256
1.7256
1.75278
1.69558
2.52465
3.03416
3.03416
3.03416
3.03416
3.29988
2.2138
2.334
2.77193
2.96041
3.52369
3.52369
3.52369
3.52369
2.26633
2.26633
2.26633
1.22154
1.22154
1.22154
1.2195
1.2195
0.629542
0.629542
0.629542
0.779713
0.27635
1.36969
1.36969
1.53635
1.47442
1.47442
1.29006
1.40911
1.40911
1.59021
0.719958
0.719958
0.719958
0.719958
0.719958
0.84912
0.801586
0.801586
0.801586
0.801586
0.801586
1.06855
1.06855
1.06855
1.06855
1.06855
1.05219
1.61372
1.61372
1.61372
1.98257
1.41999
1.41999
0.484768
0.484768
0.484768
1.6923
2.71927
2.65424
2.41142
1.72314
1.35312
1.08129
1.08129
0.642392
1.21046
1.60893
1.60893
1.60893
1.68397
1.71744
1.14056
1.14056
1.14056
1.14056
1.14056
1.14056
1.14056
1.16712
1.16712
1.62547
1.62547
1.62547
0.936766
0.936766
0.936766
0.738525
0.738525
0.738525
0.738525
0.738525
0.738525
0.738525
0.738525
0.738525
0.738525
2.0973
2.03388
2.03388
1.7775
0.58399
0.58399
0.442249
0.442249
0.442249
0.917438
0.917438
0.917438
0.917438
1.52956
1.52956
1.52956
1.24516
1.24516
1.68551
1.68551
1.65396
1.65396
1.65396
1.17709
1.17269
1.17269
1.17269
1.76491
1.72691
1.72691
1.72691
0.835095
1.29199
1.29199
1.29199
1.95265
0.826184
0.826184
1.24194
1.24194
1.24194
1.56005
2.25622
2.59956
3.12293
2.07497
2.66439
2.52396
1.89934
1.88687
1.88687
1.55994
1.49756
1.49756
1.03041
1.03041
1.03041
1.03041
1.03041
0.51902
1.33489
1.69147
1.69147
1.86267
2.92938
2.31835
2.05882
2.05882
2.05882
2.05882
1.59888
1.89582
1.89582
2.296
2.296
2.296
1.38925
1.50192
1.50192
1.44304
1.69172
1.69172
1.69172
2.10602
2.10602
1.68061
1.68061
1.68061
1.29665
1.29665
1.29665
1.29665
1.29665
0.200026
1.12687
1.12687
1.12687
2.23244
2.32612
1.00109
1.00109
1.09264
1.68749
1.8161
1.53166
1.53166
1.53166
1.53166
1.64902
2.31142
2.1593
2.1593
2.56163
2.56163
2.56163
1.37349
1.44333
1.44333
0.874625
0.58965
1.06845
1.06845
1.06845
0.290091
1.10061
1.10061
0.812301
0.812301
0.812301
0.812301
0.812301
0.812301
0.812301
1.61901
0.409426
1.47144
0.278494
1.13557
1.13557
0.843159
0.843159
1.6168
1.8565
1.57573
1.8447
1.75019
1.7101
1.70535
1.66019
1.66019
2.03274
2.03542
2.03542
0.489628
0.489628
0.489628
0.489628
0.489628
0.489628
0.489628
0.489628
0.489628
0.489628
0.489628
0.489628
0.577015
0.577015
0.577015
0.577015
0.577015
0.577015
0.577015
0.577015
0.577015
0.577015
0.577015
0.989134
1.64081
1.62916
1.54976
1.54976
1.54976
1.14617
1.14617
1.56428
1.56428
1.7332
1.9889
1.78873
1.92396
2.20505
2.20505
2.20505
1.07666
1.07666
1.07666
1.07666
1.32705
1.32705
1.20546
0.896801
0.896801
0.896801
1.57365
2.0356
2.0356
0.994434
1.97898
1.97898
1.97898
1.97898
2.41796
2.41796
2.41796
2.41796
2.41796
1.98505
1.74335
1.3265
2.05778
2.05778
2.05778
2.05778
1.04357
0.585141
0.520491
0.890711
0.590498
0.590498
0.590498
0.590498
0.590498
0.590498
1.47219
1.47219
1.47219
1.47219
1.47219
1.47219
1.24546
1.89995
2.53776
2.53776
2.1301
1.18612
1.18612
1.18612
1.40956
0.718555
0.718555
0.718555
1.58978
1.58978
1.68655
1.68655
1.68655
1.68655
1.57856
1.57856
1.78356
1.78356
2.45133
1.48179
1.12185
1.12185
2.20898
2.10816
2.44887
2.44887
1.9326
1.9326
1.79257
1.79257
0.841873
0.841873
0.841873
0.907745
0.707062
0.65053
0.65053
2.00957
2.00957
2.6278
2.6278
2.95296
2.76119
3.02126
3.09148
2.62051
2.92069
2.92069
3.73892
4.01628
3.96823
3.96823
3.54596
3.54596
2.92235
2.92235
3.20068
3.20068
3.20068
3.20068
2.08685
0.937317
1.00805
0.682104
0.682104
0.682104
0.682104
0.55982
0.55982
0.55982
1.8125
1.8125
3.27454
3.22766
1.41805
1.41805
1.41805
1.41805
1.41805
1.41805
1.41805
0.576028
0.576028
1.41903
1.41903
1.4092
1.03503
1.90121
1.90121
1.90121
1.60107
1.60107
1.08323
1.08323
0.978019
1.29628
1.29315
1.45254
1.45254
1.43542
2.13876
2.13876
2.36278
1.80151
1.80151
0.671129
0.671129
1.01315
1.74322
1.74322
2.51278
2.52564
2.05461
2.80346
2.80346
2.88896
3.18889
1.83164
1.83164
1.83164
2.09661
2.09661
2.09661
2.09661
1.7091
1.59926
1.56721
1.56721
1.20366
2.03331
1.89684
2.24032
2.11133
2.11133
1.27075
1.27075
0.196811
0.196811
0.196811
1.00648
1.18025
1.18025
2.6348
2.6348
2.52606
2.52606
2.48226
2.48226
2.12296
1.29881
1.29881
1.29881
1.82528
2.48141
2.48141
2.44625
2.46437
2.46437
1.8745
1.8745
0.755766
0.755766
1.07201
0.944221
0.660105
0.598258
1.09785
1.55454
1.86356
1.86356
2.64011
2.64011
1.77016
1.11938
1.20093
1.20093
1.20093
1.20093
1.23591
1.23591
1.41181
1.82358
0.882298
0.882298
0.652353
0.993968
1.27627
1.27627
1.27627
1.03266
1.03266
1.03266
1.03266
1.03266
1.03266
0.83109
0.786313
0.786313
1.3371
0.561115
0.561115
0.561115
0.561115
0.561115
0.561115
0.561115
0.561115
1.29778
1.29778
1.29778
1.66171
0.979802
1.51272
1.51272
1.51272
1.26098
2.15145
2.81645
2.81645
2.81645
2.14032
1.36694
0.674135
0.674135
0.674135
0.674135
0.674135
0.674135
0.674135
0.891038
0.891038
0.84805
1.06413
1.47796
1.55464
2.03481
2.03481
1.34739
1.34739
0.40358
0.40358
0.40358
0.40358
0.40358
0.40358
0.40358
0.40358
0.40358
0.40358
0.40358
0.40358
0.40358
1.44955
1.44955
1.44955
1.44955
0.734688
0.712802
0.712802
0.712802
1.21326
1.21326
1.61478
2.54791
2.54791
2.17034
2.17034
2.17034
2.17034
2.17034
2.69983
2.68701
2.91145
2.99243
3.07276
2.74869
2.27501
2.27501
2.27501
2.27501
2.27501
2.27501
2.95718
2.95718
3.83141
3.83141
3.61195
3.77349
3.67503
3.14712
3.14712
3.14712
2.63213
1.333
1.333
1.333
1.333
0.518463
0.518463
0.597111
0.597111
0.597111
0.597111
0.856304
0.856304
0.856304
0.856304
1.64055
1.64055
1.64055
1.64055
1.64055
1.95586
1.95586
1.89959
1.89959
2.30006
2.30006
2.30006
2.35909
2.35909
2.45504
2.16505
2.29068
2.29068
3.77093
3.31006
3.31006
3.31006
3.37686
2.60176
2.54391
1.48895
1.73903
1.02899
1.02899
1.02899
1.02559
0.656881
0.656881
0.656881
0.656881
0.656881
1.14474
1.39275
1.39275
1.22296
1.22296
1.58622
1.95417
1.95417
1.95417
1.95417
2.21498
2.21498
1.87407
1.43959
1.29977
1.29977
1.76586
0.978083
0.978083
0.978083
1.37844
0.916067
0.916067
0.916067
0.916067
0.916067
0.916067
0.916067
0.292894
0.292894
0.292894
0.94681
1.68045
2.23294
1.74508
1.74508
1.74508
1.77446
1.00925
0.996289
0.996289
1.19152
1.19152
1.19152
0.918232
0.900945
0.900945
1.43079
1.43079
1.43079
0.901971
0.918215
0.918215
0.918215
0.918215
0.918215
0.918215
0.430217
0.430217
0.430217
1.2129
0.883879
0.883879
0.883879
0.883879
0.883879
1.67432
1.67432
1.87272
1.87272
1.21541
0.618499
0.618499
0.618499
0.618499
0.618499
0.618499
1.26184
1.26184
1.14657
1.36734
1.36734
1.36734
1.36734
1.36734
1.36734
1.36734
1.41846
1.41846
1.41846
0.801235
2.07624
2.21585
3.56346
3.35807
2.03217
2.03217
2.03217
2.49701
1.99104
1.99104
2.54405
2.37344
1.9979
1.9979
1.9979
1.9979
1.54695
1.00243
0.879766
0.879766
0.879766
0.879766
0.879766
0.609765
0.609765
0.609765
0.609765
0.609765
0.609765
0.609765
0.693314
0.693314
1.52693
1.52693
1.04599
1.04599
1.04599
0.672937
0.664089
0.949736
0.949736
0.949736
1.60672
1.46963
1.46963
1.57942
1.56122
1.56122
1.56122
1.61826
2.02642
1.92638
2.03057
2.03057
2.03057
2.03057
2.03057
2.03057
2.25082
2.02701
1.96235
2.19429
2.19429
2.19429
1.45823
1.38102
1.38102
1.38102
1.07519
2.27016
1.60744
1.22782
1.22782
1.22782
1.22782
1.3157
1.17925
1.17925
1.10381
1.10381
1.10381
1.57832
1.45443
1.45443
1.45443
1.45443
1.45443
1.82043
1.85653
2.75944
2.4686
1.39248
1.39248
1.01212
1.01212
1.41128
1.41128
1.41128
1.41128
1.41128
1.41128
1.41128
1.41128
1.41128
0.82245
0.479552
0.479552
0.479552
0.479552
0.479552
0.645608
0.945306
0.945306
0.945306
0.945306
0.945306
0.945306
1.72008
1.72008
0.80715
0.160381
1.13735
1.13735
0.930429
0.507536
0.507536
0.507536
0.507536
0.507536
0.578468
0.578468
1.15128
1.15128
1.1039
1.45124
0.967595
1.76727
1.79898
1.39142
1.39142
0.599124
0.599124
1.09337
1.09337
0.726725
0.726725
0.6943
0.6943
0.6943
0.644417
0.775996
0.775996
0.78564
0.78564
0.78564
0.960233
0.960233
0.960233
1.06558
1.06558
1.06558
0.920959
0.920959
0.372607
0.372607
0.372607
0.372607
0.372607
0.372607
1.27955
1.52264
1.52264
0.931975
2.18253
2.18253
1.60106
1.41804
0.836417
0.836417
0.836417
1.29539
0.987771
0.987771
0.987771
1.33283
1.33283
1.33283
1.33283
1.33283
0.75395
0.646
0.646
0.646
0.646
0.112914
0.112914
0.112914
0.112914
0.112914
0.112914
0.112914
0.112914
0.112914
0.112914
0.112914
0.112914
0.112914
0.112914
0.112914
0.112914
0.112914
0.112914
0.112914
0.112914
0.420256
0.420256
0.420256
0.420256
0.420256
0.420256
0.420256
0.420256
0.420256
1.14313
1.14313
1.14313
0.569334
0.709677
0.709677
0.709677
0.709677
0.709677
0.709677
1.06383
1.36793
1.36793
0.918338
1.1085
1.1085
1.00337
1.04283
0.522548
0.522548
0.522548
0.522548
0.522548
0.522548
0.522548
1.11997
1.11997
1.11997
1.11997
1.11997
1.11997
1.11997
0.747471
0.747471
0.747471
0.747471
0.747471
0.747471
0.747471
0.747471
0.747471
0.747471
0.747471
0.955474
1.6816
1.6816
1.02124
1.02124
1.57694
1.57694
1.57694
1.47023
1.47023
0.81264
1.7146
1.7146
2.61461
2.61461
2.61461
2.61461
2.50579
2.4918
2.03597
2.03597
2.03597
2.03597
2.03597
1.1964
1.1964
1.1964
1.1964
0.600087
0.600087
0.800794
1.26904
1.17539
1.17539
1.17539
1.05902
1.05902
1.01485
1.01485
1.01485
1.01485
1.01485
1.16417
1.16417
1.16417
1.16417
1.16417
1.16417
2.37215
3.2074
3.32095
2.25899
2.25899
2.25899
3.57188
4.20282
4.20282
3.20384
2.66682
2.74843
2.23834
2.23834
2.34039
2.45354
3.06473
2.9012
2.9012
2.87062
2.40204
2.72516
2.72516
2.72516
2.72516
2.85364
2.9626
2.9626
2.03262
2.03262
1.12624
1.37958
2.04898
2.04898
1.37973
1.37973
1.37973
1.28645
1.12986
1.12986
1.85148
1.85148
1.85148
2.47141
2.44213
2.96486
2.00045
1.83714
1.83714
1.83714
2.5393
1.77423
1.77423
1.90089
1.77452
1.77452
0.930695
0.66679
1.61458
1.61458
1.61458
1.72876
2.38038
1.79814
1.25291
1.35427
0.495847
0.495847
0.495847
0.495847
0.495847
0.495847
0.495847
0.495847
0.495847
0.495847
0.495847
1.1442
2.37313
2.09514
1.66689
1.66689
1.66689
1.8902
3.29675
3.29675
3.18993
3.18993
3.43422
3.54708
3.43754
2.07822
2.07822
2.07822
2.07822
2.07822
2.20591
2.04631
2.04631
1.88826
1.97961
1.64468
1.64468
1.97132
1.53419
1.0645
1.0645
1.0645
1.0645
1.21006
1.63848
1.63848
1.63848
1.63848
1.63848
1.29547
1.44595
2.61972
2.35175
1.8899
1.8899
1.8899
1.8899
0.609953
0.609953
0.728559
0.761127
0.761127
1.6187
1.6187
1.6187
2.24188
2.17815
2.19066
2.79911
2.79911
1.98219
1.98219
1.21265
1.16233
1.10954
1.10954
1.10954
1.10954
1.14786
1.14786
1.14786
0.425681
0.425681
0.425681
1.07361
1.07361
1.55144
1.63362
1.63362
1.63362
1.2919
1.2919
1.2919
1.2919
1.2919
1.2919
1.2919
1.7011
2.31337
2.31337
2.66586
2.90817
2.80321
3.18053
3.18053
3.62493
3.68526
3.76828
3.98778
3.98778
4.17709
4.17709
4.17709
4.17709
4.37196
3.59855
3.59855
3.59855
2.77811
2.22728
1.81378
1.81378
1.81378
1.48054
2.19678
2.09994
2.09994
2.22457
2.22457
2.57094
2.57094
2.08368
2.64054
2.64054
3.62
4.02338
3.87803
3.63771
3.63771
3.40326
2.84991
2.58002
2.1859
2.1859
2.60195
3.1145
3.1145
2.09122
2.04446
2.55708
2.08137
1.85019
1.85019
1.85019
1.61169
1.68909
1.68909
1.25313
1.50819
0.973612
1.07609
1.07609
1.07609
1.07609
1.07609
1.07609
1.46025
2.4282
2.16055
2.16055
2.09618
2.09618
2.09618
2.27848
2.59025
2.4425
1.50364
0.938779
0.938779
0.938779
1.71714
1.8039
1.8039
1.08233
1.08233
1.32386
1.32386
1.51286
1.51286
1.51286
1.51286
1.51286
0.718063
0.718063
0.614191
0.614191
0.879347
0.879347
0.879347
0.943622
1.19009
0.684676
0.684676
0.684676
0.43496
0.43496
0.43496
0.43496
0.390811
0.390811
0.390811
0.390811
0.390811
0.834391
0.834391
0.834391
0.863595
1.45539
0.803647
0.803647
0.803647
1.94519
2.41392
2.41392
2.85616
2.63507
3.51662
3.38081
3.57209
2.86551
2.86551
2.86551
2.05456
1.99266
2.57774
1.47254
1.47254
0.484179
0.924265
1.68996
2.32027
1.44796
1.44796
1.44796
1.59314
1.17131
1.17131
0.344441
0.344441
0.874413
0.874413
0.874413
0.874413
0.843094
0.843094
0.843094
0.665613
0.665613
0.665613
0.665613
0.665613
0.665613
0.665613
0.665613
0.665613
1.75978
1.75978
1.75978
0.948723
0.948723
0.948723
1.09302
0.539311
0.690801
0.690801
0.768748
0.768748
0.768748
0.768748
0.768748
1.01387
1.01387
1.01387
1.01387
1.01387
1.01387
1.39984
1.39984
1.39984
1.62159
1.32062
1.32062
1.32062
1.32062
1.32062
1.15954
1.15954
1.15954
1.19042
0.735033
0.735033
0.681169
0.681169
0.681169
0.820773
0.913063
0.913063
0.913063
0.913063
0.663496
0.663496
0.696804
0.696804
0.696804
0.97811
2.12083
2.12083
2.12041
2.66725
2.55994
2.55994
1.46439
0.674797
0.837375
1.40018
1.40018
1.40018
1.40018
0.998692
2.19204
2.19204
2.31946
2.31946
1.91612
1.91612
1.91612
1.91612
1.91612
1.83078
1.3732
1.3732
1.3732
1.3732
1.3732
1.51286
1.58557
1.50085
1.50085
1.50085
1.50085
1.50085
1.50085
1.50085
0.949766
0.704322
1.41874
1.41874
1.08367
1.08367
1.08367
1.18806
1.18806
1.18652
0.685447
0.685447
0.5944
0.5944
0.5944
0.5944
0.5944
0.5944
0.5944
1.15123
0.743204
1.08067
1.08067
1.64415
1.64415
0.767463
1.17177
1.78796
2.54127
2.54127
2.54127
2.54127
2.54127
1.56226
1.51281
1.51281
1.4779
2.55713
1.60484
0.812866
0.812866
0.812866
1.16656
0.753825
0.753825
0.762363
1.35726
1.53477
1.33493
1.27965
1.24644
1.74341
1.74341
1.50041
1.59233
1.59233
1.48109
1.55292
1.55292
1.55292
0.912308
2.11659
2.13444
2.68026
2.0405
2.0405
1.8636
1.99732
1.5936
1.66624
1.66624
1.66624
1.66624
1.66624
1.9693
1.75245
1.69319
1.71318
0.844595
0.844595
0.844595
0.961665
0.961665
0.72279
0.72279
0.56572
0.56572
0.56572
0.56572
0.544332
0.544332
0.544332
0.544332
0.544332
0.544332
0.544332
0.788537
0.788537
0.788537
0.788537
0.788537
0.788537
0.788537
2.01882
0.820209
1.06038
1.06038
1.06038
0.689851
0.833172
0.833172
0.833172
0.878454
0.878454
0.694935
1.09512
1.09512
1.09512
1.21847
1.15781
1.15781
1.15781
1.15781
1.29709
1.29709
1.10915
1.10915
1.10915
2.0641
2.10236
2.38
2.03726
2.03726
2.03726
2.03726
2.03726
0.903777
0.903777
0.748784
0.748784
0.748784
0.748784
0.748784
0.748784
0.748784
0.748784
0.748784
0.748784
0.748784
0.748784
0.748784
0.748784
0.748784
1.21283
1.21283
1.21283
1.21283
1.47294
1.78736
1.78736
2.78497
2.78497
3.08121
3.57859
3.57859
2.97307
3.63953
2.85111
2.85111
2.8395
4.12294
4.12294
4.12825
4.24868
3.09751
3.09751
3.02428
3.02428
2.89582
2.89582
2.21854
2.21854
2.19303
2.71788
2.71788
2.7253
2.7253
2.55654
2.55654
2.39066
2.39066
1.33791
1.58677
1.58677
2.59355
1.65395
1.59309
1.59309
1.59309
0.704018
1.22419
1.22419
1.22419
0.66905
0.66905
1.09821
1.09821
1.09821
1.09821
1.09821
1.09821
0.929081
1.17862
1.17862
1.17862
1.17862
1.17862
1.17862
1.09006
2.23364
2.23364
2.23364
1.73145
1.53357
0.536106
1.19606
1.19606
1.03358
0.798295
0.798295
1.97699
1.89503
1.66402
1.66402
1.03535
1.46071
1.75952
1.39239
1.39239
1.96707
1.96707
2.09943
1.24732
1.24732
0.131498
0.131498
0.131498
0.131498
0.131498
0.131498
1.06199
1.06199
1.5324
1.56361
1.56361
1.8715
1.8715
1.20682
1.20682
1.8613
1.79589
1.79589
2.14042
2.14042
1.71259
1.71259
0.567862
0.567862
0.567862
0.567862
0.567862
0.567862
0.567862
0.567862
0.567862
0.773598
1.01579
1.01579
1.01579
1.01579
0.732265
1.0001
1.0001
1.05577
1.05577
1.05577
1.4202
1.4202
1.4202
1.34955
1.34955
0.544492
0.544492
1.34054
1.00538
1.00538
1.10303
0.446958
0.446958
0.446958
0.446958
1.13971
1.33472
1.7133
1.7133
0.976453
0.894166
1.59134
1.49376
0.627922
0.627922
0.627922
0.627922
0.884298
0.884298
0.884298
1.00881
1.00881
1.7178
1.7178
1.81639
2.04296
2.44361
2.51897
2.51897
2.23112
1.69508
2.18072
1.16729
1.83464
1.83464
1.60102
1.60102
1.08448
1.08448
1.08448
1.08448
1.05066
1.05066
1.05066
1.05066
1.05066
1.10005
1.30663
1.30663
1.00966
1.68521
1.95068
2.07402
2.07402
1.12
2.22297
1.56722
1.26548
0.949562
0.949562
0.268176
0.268176
0.268176
0.268176
0.268176
1.30845
1.30845
0.628987
0.628987
0.628987
0.628987
1.07083
1.07083
1.07083
1.07083
1.07083
1.63737
1.5051
1.78242
1.78242
1.78242
1.78242
1.78242
1.6187
1.6187
2.69812
2.64229
2.15086
2.2278
2.2278
2.2278
1.04934
0.426529
0.426529
0.426529
0.528145
1.05217
0.789726
0.599569
0.599569
1.52685
0.926937
0.926937
1.16387
1.10369
1.83175
3.59456
3.59456
3.59456
3.59456
3.59456
4.72363
4.33412
4.2077
4.2077
4.2077
4.18641
4.691
6.06127
5.11929
5.11929
4.68524
4.70283
3.39447
3.62279
3.51484
3.80321
3.34641
3.34641
3.88648
3.88648
3.88648
3.8534
3.11879
3.11879
2.88243
2.88243
2.88243
2.63925
2.89336
2.65234
2.65234
2.65234
2.65234
2.65234
3.2473
3.68546
3.68546
4.33546
4.87475
4.87475
4.15094
4.15094
3.635
3.635
3.27427
3.22089
3.22089
3.22089
2.83543
2.30425
2.20416
2.20416
2.88811
2.3847
1.48036
1.80328
1.81365
1.81365
1.81365
1.42079
1.42079
1.42079
0.632892
0.498938
0.498938
0.498938
0.498938
1.13184
1.17812
1.17812
2.10531
2.19133
2.22462
1.73062
2.93555
2.8545
2.82933
2.82933
3.59657
3.59657
4.22874
3.3932
3.3932
3.25905
3.25905
3.26689
3.26689
3.21778
3.21778
3.21778
3.58792
3.19955
3.42756
3.37235
2.58863
2.64351
3.39418
3.39418
2.85309
2.14891
2.14891
2.14891
2.14891
2.01637
2.01637
2.01637
2.01637
2.01637
2.01637
2.01637
2.0473
1.55115
1.55115
1.6792
0.95829
0.95829
0.95829
0.95829
0.95829
0.95829
0.95829
1.43608
2.2531
2.21378
2.21378
1.82958
2.1642
2.1709
2.1709
2.40637
2.51306
2.51306
1.95042
1.80329
0.638157
0.638157
1.08151
1.08151
1.25031
1.25031
1.25031
1.25031
1.25031
1.25031
1.25031
1.25031
1.25031
1.25031
1.18397
2.68898
2.68898
2.94984
2.59877
2.59877
2.22878
2.49831
2.49831
2.43836
2.43836
2.43836
2.43836
2.9399
3.00422
2.86535
2.84269
2.84269
2.88311
2.88311
2.48256
2.49541
2.49541
2.49541
2.49541
2.20128
1.34865
0.621735
1.05029
0.803456
1.01511
1.01511
1.01511
1.01511
0.691469
0.691469
0.50741
0.50741
0.50741
0.50741
0.50741
0.50741
0.50741
0.50741
0.288948
0.288948
0.288948
0.65375
1.28726
1.28726
1.28726
1.28726
1.02476
1.02476
1.02476
2.00804
2.46779
2.46779
1.39195
1.2427
1.2427
1.2427
1.2427
1.2427
1.2427
0.898318
1.84998
2.01484
2.01484
0.732327
1.15931
1.14187
1.14187
1.14187
1.34492
1.34492
1.34492
1.34492
0.48917
0.48917
0.48917
0.48917
0.642169
0.642169
0.642169
0.642169
1.36899
1.83407
1.83407
1.83407
1.87389
1.87389
0.799635
0.799635
0.799635
0.799635
0.799635
0.799635
0.799635
0.799635
1.49396
1.18558
1.18558
1.01558
1.01558
1.01558
1.01558
1.01558
1.15695
1.15695
1.15695
0.717785
2.01699
2.03959
2.03959
1.5384
1.5384
1.5384
1.29131
1.11618
0.698341
0.698341
0.698341
1.89045
1.99782
1.99782
1.99782
1.99782
2.1099
2.61579
2.62868
3.33962
3.33962
3.33962
2.1724
2.1724
2.07866
1.79736
1.79736
3.02306
2.70984
1.76918
2.01008
2.01008
2.01008
2.01008
1.67632
1.96541
1.51535
1.51535
1.23615
1.23615
1.23615
1.51601
1.51601
0.903283
0.874026
0.874026
0.970233
0.970233
0.970233
1.0908
1.22264
1.22264
1.22264
1.22264
1.22264
0.99037
1.69917
1.26231
1.26231
1.26231
0.926344
0.926344
0.653561
0.839142
0.839142
0.839142
0.839142
0.614957
0.614957
1.11762
1.11762
1.11762
0.441118
0.441118
0.441118
0.441118
0.441118
0.441118
0.441118
0.441118
0.441118
0.441118
0.441118
0.441118
0.441118
0.441118
0.441118
0.441118
0.441118
0.441118
0.441118
0.441118
1.44499
1.44499
1.30723
1.30723
1.56255
1.42326
0.893334
0.893334
0.893334
0.893334
0.893334
0.853447
0.853447
0.626848
0.626848
0.605861
0.743135
0.857334
0.857334
0.857334
0.857334
1.13197
1.09877
0.683618
0.683618
0.683618
0.683618
0.80879
0.63209
1.221
0.655466
0.655466
0.655466
1.27951
1.72275
1.72275
1.72275
2.10724
1.10249
1.10249
1.10249
1.10249
1.10249
2.43812
2.43812
2.51947
2.44816
2.44816
2.44816
2.44816
2.50724
2.42606
2.63349
2.63349
2.63349
2.62834
3.29383
2.10076
2.10076
2.53467
3.11795
2.85377
2.78836
2.96808
2.74267
2.694
2.48529
2.48529
2.30419
2.30419
3.1666
4.11385
3.59605
3.59605
3.67816
2.44452
2.40052
2.2617
0.672656
0.961209
1.47234
1.47234
1.47234
1.18808
1.25753
1.25753
1.95249
2.23796
2.23796
1.62971
1.62971
1.62971
1.68916
1.68916
1.45388
2.37181
2.37181
2.37181
2.37181
2.37181
1.42263
1.43524
1.43524
1.43524
1.43524
1.85788
0.645653
1.84382
2.2148
2.20527
2.20527
1.56216
1.40869
1.34479
1.89298
1.89298
1.14826
1.34043
2.2748
2.2748
2.2748
2.2151
2.2151
2.23674
2.23674
2.23674
2.35605
2.15059
2.29372
2.39274
1.46766
1.6139
1.903
1.903
1.903
1.38275
1.38275
1.38275
1.2958
1.2958
1.2958
1.25705
1.25705
1.25705
0.764978
0.808231
0.808231
1.93406
1.93406
2.32241
2.32241
2.19183
1.97891
0.659324
1.05937
1.01887
1.19114
1.19114
1.18381
1.18381
1.18703
1.18703
0.746066
0.746066
0.746066
0.69865
0.69865
1.45541
0.968907
0.968907
0.968907
0.968907
0.968907
1.38925
1.37119
1.93284
1.93284
1.93284
1.38872
1.38872
1.38872
1.38872
1.38872
2.34391
2.34391
2.34391
2.39931
2.39931
1.66133
1.66133
1.66133
1.66133
1.66133
1.66133
1.39674
1.61472
1.52923
0.774747
0.774747
0.774747
0.774747
0.774747
0.774747
0.774747
0.774747
0.774747
0.774747
0.774747
0.774747
0.774747
1.01257
1.1745
1.49876
1.49876
1.76261
1.76261
1.76261
1.76261
0.833709
0.833709
0.993924
0.893006
0.619351
1.03094
1.03094
1.03094
1.03094
1.03094
1.03094
1.03094
1.59532
1.59532
1.83917
1.83917
1.72066
1.38778
1.38778
1.38083
2.0101
1.36143
1.21326
0.968506
1.31649
0.763602
0.763602
0.763602
0.763602
0.856791
0.716297
0.716297
0.915575
0.915575
1.43649
1.41869
1.41869
2.51612
1.77586
1.77586
2.06432
1.39342
1.39342
1.23731
1.23731
1.31749
2.22784
2.19296
1.80892
1.67618
1.67618
1.67618
1.67618
1.67618
1.67618
1.88244
1.93804
1.93804
1.93804
1.93804
1.93804
1.3805
1.65296
1.78579
1.78579
0.977286
0.977286
0.977286
0.977286
0.977286
1.19665
1.55371
0.456384
0.903831
1.0004
1.0004
1.05856
0.58536
0.58536
0.58536
0.58536
1.37059
1.5361
0.58677
0.58677
0.58677
0.58677
0.58677
0.58677
0.58677
0.756699
0.503486
1.74612
1.74612
1.74612
2.48747
2.48747
1.9783
1.93882
1.93882
1.93882
1.93882
1.61542
1.62259
0.859612
0.859612
2.24033
2.3684
2.3684
2.61947
2.61947
1.83162
1.83162
1.9992
1.05019
1.05019
1.05019
1.05019
1.05019
0.632862
0.632862
1.19877
1.83798
1.83798
1.99188
1.99188
1.99188
1.72388
1.72388
1.4238
1.4238
1.4238
1.4238
0.908179
0.908179
1.42444
1.50885
1.50885
1.50885
1.50885
2.54483
2.54483
2.54483
2.54483
2.54483
2.65916
2.65916
2.65916
2.65916
2.99357
2.58384
2.76851
3.89068
3.89068
4.07536
3.92448
2.98455
2.30349
1.34697
1.92444
1.92444
0.822082
0.822082
0.822082
1.28587
1.28587
1.69411
1.69411
1.69411
1.69411
1.69411
1.64281
1.15419
1.15419
1.15419
1.31949
0.720306
0.998569
1.20899
1.20899
1.37126
1.80621
1.54356
1.27983
1.27983
1.27983
1.48603
1.00868
1.00868
1.00868
0.701177
1.02136
1.02136
1.04261
1.24141
1.24141
1.24141
1.24141
1.95766
2.4643
2.67688
3.07553
3.80874
3.80874
3.80874
3.80874
3.80874
3.80874
3.80874
3.64763
3.64763
3.64763
3.44404
1.78588
1.78588
1.61971
0.829959
0.829959
0.829959
1.35982
2.16791
2.16791
2.02457
2.02457
2.96498
1.85805
1.88217
1.69396
1.69396
0.659469
0.659469
0.600574
0.56879
0.56879
1.34471
1.34471
1.21003
1.21003
2.21105
2.09844
2.52212
2.52212
2.52212
1.5091
1.5091
1.57046
1.15338
0.445854
0.445854
0.445854
1.29415
1.29415
1.4156
1.06634
1.06634
1.21521
1.34644
1.64576
1.64576
1.64576
1.64576
0.833667
1.02034
1.32194
1.52126
0.548931
0.548931
0.548931
0.548931
0.548931
0.741208
0.741208
0.741208
0.274641
0.274641
0.274641
0.910914
0.910914
0.919192
0.919192
0.919192
1.69828
1.69828
1.69828
1.83026
1.3121
1.3121
1.3121
1.3121
1.81419
1.81419
1.81419
2.56857
2.56857
2.56857
1.58304
1.46369
1.29105
1.29105
2.0223
2.0223
2.2033
2.2033
2.2033
1.51841
1.51841
1.51841
1.51841
1.51841
0.854945
0.872443
1.02301
0.901515
0.901515
1.82791
1.82791
1.82791
1.8425
1.45055
2.24946
1.44163
2.63639
2.52429
2.52429
3.2684
4.23351
3.3902
4.45796
4.63249
5.85464
5.85464
5.68282
5.23609
5.43778
4.98919
5.02431
5.02431
5.5151
5.5151
4.67578
3.99163
3.95844
3.14424
2.97739
2.97739
2.97739
2.97739
2.97739
2.97739
3.5182
3.32215
3.32215
3.32215
3.32215
3.32215
3.32215
2.55816
2.55816
3.31201
3.15377
3.15377
2.9963
2.9963
1.84635
2.07793
2.07793
1.72468
1.72468
1.72468
1.72468
1.72468
0.91488
0.91488
0.91488
0.91488
0.91488
0.91488
0.91488
0.91488
0.91488
0.750024
0.750024
1.07349
1.40944
1.63842
1.56343
1.60684
1.83684
1.83684
2.60021
2.60021
2.60021
3.66117
4.00149
4.00149
2.54013
2.33979
2.72845
2.72845
2.72845
2.47916
2.47916
2.47916
2.58281
2.65247
1.63022
0.821543
0.594905
0.594905
1.17872
1.17872
1.17872
1.17872
1.17872
1.17872
1.17872
1.17872
1.23088
1.23088
1.23088
1.23088
2.14757
1.20487
1.20487
1.20487
0.874287
0.868874
1.27002
1.6884
1.3568
1.33082
1.80315
1.80315
0.595067
0.595067
0.595067
0.595067
0.92135
0.92135
1.31701
1.21711
1.63747
1.62503
1.87137
1.87137
1.43475
1.43475
1.46414
1.46414
1.53277
1.53277
1.53277
2.29259
2.5916
3.18632
3.18632
3.40934
2.6811
2.6811
2.08776
2.79172
2.79172
2.79172
2.27965
2.27965
2.06203
1.32482
1.32482
1.41549
1.95714
1.95714
2.13444
2.13444
2.13444
1.84461
1.59236
1.59236
1.68869
1.68869
1.68869
1.47697
1.47697
1.47697
1.47697
1.47697
1.47697
2.83051
2.86325
2.63933
2.63933
2.63933
1.70513
1.70513
1.41459
1.41459
1.41459
1.41459
0.703766
1.02697
1.38457
1.38457
1.38457
0.904161
0.763241
1.32687
1.32687
1.32687
1.32687
1.32687
1.3359
1.3359
1.3359
0.692782
1.33363
2.12181
2.06854
1.7533
1.7533
2.00299
0.787115
0.787115
0.787115
0.787115
0.787115
0.923979
0.923979
0.541283
0.541283
0.541283
0.541283
0.541283
0.566698
0.566698
0.566698
0.566698
0.566698
0.566698
0.566698
0.566698
0.566698
0.566698
0.566698
0.566698
1.21342
1.21342
0.422037
1.23514
1.47738
0.964728
0.964728
0.84715
0.797922
0.797922
1.06211
1.06211
1.06211
1.36947
1.36947
2.00588
1.47222
1.47222
1.16224
1.18285
1.55011
1.61854
1.61854
2.2078
2.15113
0.880687
1.15425
1.15425
1.15425
1.15425
1.15425
1.15425
0.808576
1.0355
1.0355
1.0355
1.0355
1.38063
1.38063
1.38063
0.337397
0.337397
0.337397
0.337397
0.337397
0.337397
0.708677
1.35354
1.35354
1.33391
1.77048
1.50333
1.50333
1.50333
1.50333
0.53479
0.53479
0.53479
0.735126
0.735126
0.8204
1.20247
1.20247
1.36454
1.36454
1.11675
1.61547
1.83492
1.62078
1.32857
0.97742
0.97742
1.26857
1.26857
1.26857
1.26857
1.26857
1.79446
1.80179
1.51721
0.647166
1.62378
1.08441
1.08441
1.81235
1.6102
1.36255
2.04907
2.53444
2.53444
2.7703
2.7703
2.97242
2.97242
2.97242
3.27396
3.2317
3.2317
3.28615
2.47152
2.47152
2.47152
2.00767
1.12097
1.06933
1.2892
1.2892
0.389634
0.680648
0.680648
1.76692
1.76692
1.76692
2.72444
2.43406
2.91846
2.00761
1.09308
1.01621
1.01621
0.13923
0.13923
0.13923
0.13923
0.13923
0.13923
1.09841
1.09841
0.994274
0.994274
0.994274
0.994274
0.974029
0.974029
0.858027
0.858027
0.857154
0.340968
1.00858
0.553522
1.16265
1.16265
1.16265
1.16265
1.16265
1.16265
1.16265
0.320002
0.320002
0.46046
1.00038
1.50178
1.1454
1.49379
1.22264
1.78769
1.78769
1.78769
1.32859
1.50874
1.50874
2.19059
2.19059
2.48308
2.30284
2.69984
2.69984
1.89852
0.527846
0.909651
0.909651
1.27957
1.27957
1.23668
1.49436
1.49436
1.49436
1.48172
1.48172
1.48172
1.48172
1.81357
1.68178
1.71371
1.71371
1.42634
1.35797
0.965187
0.901741
0.901741
0.901741
0.8701
1.00443
1.00443
1.00443
0.921817
0.936018
0.936018
0.936018
0.936018
1.10266
1.10266
1.10266
0.705384
0.252552
0.252552
1.3654
1.09827
1.22275
1.73844
1.73844
1.73844
1.89558
1.89558
1.89558
2.76309
3.2628
2.36222
2.36222
2.36222
2.62379
1.49752
1.43923
1.43923
1.43923
0.845636
0.845636
1.16426
2.01317
1.36349
1.50229
1.14917
1.14917
0.991406
0.991406
1.44145
1.04571
1.04571
1.04571
1.06874
0.919018
1.70353
1.70353
1.07859
1.41321
1.41321
2.0277
2.14945
2.14945
1.14575
1.14575
1.28518
1.28518
1.28518
1.19302
0.894945
0.894945
1.36545
1.05631
1.05631
0.938614
0.938614
0.938614
0.938614
0.938614
0.938614
0.938614
1.16963
0.871503
1.67114
1.67114
1.67114
1.67114
1.43295
1.8047
1.79766
1.54502
1.54502
1.6627
1.85203
0.789784
1.12577
1.12577
1.12577
0.921437
0.921437
0.921437
0.921437
0.921437
1.07721
1.44168
1.44168
2.24497
2.24497
2.25784
2.11214
1.09269
0.431859
0.431859
0.431859
0.431859
0.431859
0.431859
0.431859
0.431859
0.431859
0.431859
1.06502
1.06502
1.18415
1.18415
1.18415
1.18415
1.23433
1.25913
1.25913
1.25913
1.25913
1.45765
1.29638
0.797341
1.05563
0.538774
0.538774
0.538774
0.899814
0.899814
0.899814
1.16082
1.16082
0.727819
0.727819
0.727819
0.983712
0.983712
0.983712
1.01269
1.01269
1.67051
1.67051
1.54021
1.54021
1.54021
1.57888
1.57888
1.57888
1.691
1.59392
1.25413
1.39926
1.19786
1.28969
1.31648
1.31648
1.31648
0.55783
0.55783
1.51087
1.51087
1.51087
1.51087
1.51087
1.28036
1.28036
1.28036
1.94946
1.68369
1.68369
1.68369
1.51289
1.43205
1.43205
1.02402
1.02402
0.694026
0.694026
0.694026
0.986147
0.986147
0.986147
1.52355
0.808226
0.766659
0.766659
0.759106
0.759106
0.759106
0.759106
0.759106
0.759106
0.759106
0.759106
0.759106
0.759106
0.759106
1.00502
1.44776
1.81574
1.17366
1.75042
1.8113
1.8113
1.76656
1.76656
2.14965
2.40483
2.40483
2.40483
1.71906
1.71906
1.71906
1.42439
0.439457
0.439457
0.439457
0.439457
0.439457
0.439457
0.439457
0.439457
0.439457
0.439457
0.877941
0.877941
1.03074
0.667484
0.667484
1.43637
1.43637
1.43637
1.43637
1.56913
1.33029
1.33029
1.33029
1.33029
0.413867
0.980679
0.980679
0.718704
0.718704
0.718704
0.718704
0.718704
0.961649
1.47078
1.47078
1.47078
1.47078
1.47078
1.47078
1.47078
1.55526
1.71795
1.71795
1.04692
1.04692
1.04692
1.04692
1.4754
1.77488
2.67987
2.67987
2.67987
2.67987
2.83349
2.60232
2.60232
1.96109
1.89683
2.00659
2.00659
2.00659
1.32489
1.89436
1.89436
1.89436
1.49882
1.25094
1.53273
1.53273
1.53273
1.53273
1.53273
1.50232
1.50232
1.50232
1.50232
1.50232
1.55165
1.55165
1.55165
1.60774
2.23138
2.57947
2.57947
2.51593
2.51593
2.37289
2.11299
1.99921
1.99921
1.79254
1.79254
1.07284
1.07284
1.07284
1.13334
1.03001
1.03001
1.03001
1.29378
1.29378
1.17024
1.17024
0.860488
0.860488
0.860488
1.50561
1.43597
1.10473
1.10473
0.523931
0.523931
0.311463
0.311463
0.311463
0.311463
0.311463
0.311463
0.311463
0.586286
1.09826
1.0285
0.383903
0.383903
0.383903
0.383903
1.21883
1.69468
1.69468
1.69468
1.69468
2.76109
3.42424
3.42424
3.63242
2.42016
2.9239
2.9239
2.96215
2.84062
2.02253
2.02253
1.98276
1.98276
1.04599
0.931126
0.931126
0.931126
0.931126
0.931126
0.931126
0.647202
0.647202
0.579092
0.579092
0.579092
1.39334
1.66122
1.66122
1.66122
1.66122
1.66122
1.66122
2.66312
2.50325
2.50325
2.50325
2.70125
2.90091
2.25573
1.81644
1.50922
1.50922
1.50922
1.50922
1.50922
1.40618
1.24009
1.54702
1.07743
1.07743
1.07743
1.07743
0.969665
0.969665
0.969665
0.969665
0.969665
0.969665
0.846608
0.846608
1.50119
1.50119
1.50119
1.22793
1.22793
1.22793
1.22793
1.22793
1.22793
2.39061
1.18036
1.18036
1.20668
1.32398
1.32398
1.32398
1.26001
1.32999
1.32999
0.493932
0.493932
0.493932
0.493932
0.706869
0.6112
0.6112
0.6112
0.6112
0.6112
0.6112
0.6112
0.908366
0.447194
0.447194
0.470228
0.470228
0.470228
0.470228
0.470228
0.583733
0.583733
0.583733
0.905449
0.825986
0.937101
1.45639
1.64132
1.64132
2.18783
2.15922
2.15922
2.15922
2.90004
1.62689
1.74392
1.05731
1.49765
1.81184
1.77019
1.77019
1.77019
1.77019
1.77019
1.77019
1.77019
1.77019
1.77019
1.90104
2.39026
1.68329
1.53758
1.53758
0.915829
0.915829
0.915829
0.729649
0.447772
0.447772
0.447772
0.447772
0.447772
0.447772
0.451356
0.919193
0.919193
0.919193
1.06644
1.06644
1.06644
1.06644
1.06644
2.28584
2.28584
2.28584
2.52366
2.9828
3.14268
2.94522
3.06591
2.85649
2.32134
2.32134
1.6917
1.6917
2.74238
2.88135
2.86302
3.02859
2.25351
2.48991
2.39766
2.85718
2.85718
2.49688
2.49688
2.49688
2.88313
2.58174
2.58174
2.58174
2.9972
2.06878
2.06878
2.09451
2.59777
2.4614
2.53269
2.42542
2.47405
2.47405
2.47405
2.47405
2.28282
1.35002
2.21624
2.21624
1.71844
1.71844
1.57674
1.57674
1.57674
1.57674
1.57674
1.47692
1.35134
1.07476
1.07476
1.21604
1.21604
1.21604
0.630205
0.918312
0.918312
1.59382
1.59382
1.52143
1.52143
0.967379
1.65462
1.65462
1.65462
1.65462
1.65462
1.65462
1.65462
1.14444
0.732173
1.20742
1.20742
1.20742
1.13594
0.606913
0.606913
0.606913
0.472745
0.472745
1.29407
0.224858
0.224858
0.224858
0.224858
0.224858
0.224858
0.224858
0.224858
0.224858
0.224858
0.224858
1.40069
1.40069
1.52168
1.52168
1.52168
1.52168
1.52168
1.52168
1.52168
1.29628
1.29628
0.902478
1.0662
1.20279
1.20279
1.20279
0.838331
1.47174
1.47174
1.47174
1.62845
1.62845
0.978626
0.978626
0.978626
0.978626
1.06723
0.825833
0.825833
0.825833
0.765778
0.765778
0.765778
0.358315
0.659777
0.659777
0.659777
0.659777
0.638217
0.638217
0.638217
0.571778
0.571778
0.571778
1.43862
2.4733
1.7413
1.35314
0.705082
0.705082
0.705082
0.705082
0.705082
0.705082
1.25053
1.25053
1.25053
1.22661
1.18258
1.17501
1.9022
1.08594
1.08594
0.851058
0.851058
0.670243
0.670243
1.54232
0.680637
1.08824
1.08824
1.23688
0.196691
0.196691
0.196691
0.196691
0.196691
0.196691
0.196691
0.196691
0.196691
0.196691
0.196691
0.196691
0.196691
0.196691
0.196691
0.196691
0.854448
0.854448
0.854448
1.30086
0.642096
1.3638
1.3638
1.3638
1.70662
1.70662
1.70662
1.70662
1.76225
1.97565
1.5002
1.85133
1.54496
1.54496
1.54496
1.91464
1.91464
2.20483
2.46369
2.46369
2.46369
2.46369
2.46369
2.64467
3.04721
1.83294
1.83294
1.83294
2.90994
2.14282
1.67607
0.910813
0.910813
0.910813
0.945553
0.945553
0.945553
0.945553
0.945553
0.945553
0.945553
1.51096
1.38832
1.38832
2.1723
2.1723
2.02388
2.11451
0.9836
1.85679
1.7719
3.2058
2.8336
3.73868
3.46514
3.48339
2.51957
2.51957
2.34966
3.01903
3.01903
3.01903
3.01903
3.85756
3.85756
4.16956
3.63149
3.45525
3.45525
3.45525
3.10562
3.10562
3.589
3.05099
2.59935
2.59935
2.59935
2.01917
1.78919
1.78919
1.78919
1.78919
1.78919
2.42505
1.82394
1.82394
1.82394
0.929548
0.929548
1.39242
1.39242
1.39242
1.29194
1.29194
1.29194
2.04107
0.86736
0.86736
0.86736
0.86736
0.86736
0.86736
0.86736
0.86736
1.74423
0.860904
0.863763
0.863763
0.863763
0.283791
0.283791
0.582129
0.640207
0.640207
0.640207
0.640207
0.640207
0.640207
0.640207
0.640207
0.640207
0.640207
0.640207
0.640207
0.952803
1.35551
0.656339
0.833393
0.833393
0.833393
1.67492
1.67492
1.53136
0.663543
0.914066
0.421961
0.421961
0.421961
0.421961
0.421961
0.421961
1.66013
1.72734
1.72734
1.75722
1.03528
1.03528
1.41528
1.41528
1.4
1.25518
1.72
1.72
1.34567
1.90059
2.07732
2.07732
1.52094
1.52094
1.73056
0.600568
0.807623
0.807623
0.644616
0.644616
0.644616
0.560818
0.560818
0.560818
1.04702
1.04702
1.04702
1.21786
1.50641
1.9579
1.53456
0.854957
0.854957
1.03967
1.02283
0.51322
0.818377
0.818377
0.801918
0.801918
0.801918
0.801918
0.801918
0.951988
1.50975
1.50975
1.3454
1.3454
1.3454
0.944475
0.944475
0.956837
0.956837
0.980761
0.980761
2.03288
2.03288
1.68764
2.1558
2.1558
2.84348
2.4483
2.65925
1.30669
2.24106
1.53625
1.4381
1.38586
1.38586
1.38586
1.36088
1.36088
1.36088
1.2361
1.5167
1.5167
1.5167
1.5167
1.5167
1.5167
1.38763
1.38763
1.38763
0.441464
0.659348
0.659348
0.786308
0.786308
0.612079
1.40391
0.708423
1.00015
1.00015
0.847183
0.847183
1.39165
1.99284
1.99284
2.85932
2.45094
2.45094
1.78192
0.815807
0.551658
0.85265
0.85265
0.85265
0.85265
1.4191
1.40974
1.40974
1.40146
1.14268
1.39616
0.65293
0.65293
0.951835
1.06289
1.03669
1.03669
1.30949
1.30949
0.982137
0.982137
1.49045
1.44638
1.44638
1.44638
1.44638
0.161011
0.836937
0.836937
0.713847
1.92056
2.94727
2.51697
2.00488
2.00488
2.00488
2.00488
2.00488
2.14287
1.16182
1.16182
0.879823
1.17568
1.17568
1.17568
1.17568
1.17568
1.70287
2.23435
2.23435
2.23435
1.87026
1.53655
0.826374
1.01043
1.01043
1.01043
1.01043
1.01043
1.01043
1.01043
1.01043
0.810979
1.09727
1.09727
2.16192
1.94193
1.94193
1.80412
2.43126
2.00337
2.00337
2.40247
2.40247
2.40247
2.40247
1.69959
1.97517
1.97517
1.97517
1.97517
2.09285
1.9677
1.9677
1.9677
2.05425
1.78851
1.78851
1.68776
1.68776
1.24528
1.24528
0.332054
0.332054
0.332054
0.332054
0.332054
0.332054
0.332054
0.544243
0.544243
0.544243
0.544243
0.544243
0.544243
0.544243
0.544243
1.18531
1.18531
1.49065
0.822912
0.822912
0.822912
1.486
1.486
1.7472
2.30373
2.30373
2.30373
2.30373
1.24473
1.24473
1.05581
1.05581
1.10146
1.51481
1.51481
1.51481
1.51481
0.519408
0.519408
0.519408
0.519408
0.908825
0.908825
1.46956
1.80819
1.71852
0.874306
0.874306
0.874306
1.12677
1.12677
1.12677
1.12677
1.12677
1.13126
0.705388
0.705388
0.903652
1.83937
2.36193
3.0135
3.07935
3.20537
2.52542
2.52542
1.39827
0.710515
0.710515
0.710515
0.710515
0.710515
0.612414
0.612414
0.828957
0.828957
1.15905
0.97805
0.97805
1.70659
0.952508
1.50767
1.50767
1.64042
1.85601
1.85601
1.60268
1.60268
1.60268
0.693052
0.693052
0.693052
0.693052
1.25743
1.06618
1.06618
1.06618
1.06618
1.06618
1.06618
1.75548
1.16464
0.43397
1.37576
2.41598
2.68788
2.68788
3.14978
3.22348
2.92113
2.08403
2.08403
1.67618
1.67618
1.51809
1.51809
2.47493
1.83883
1.4734
0.697631
0.697631
1.39476
1.47237
1.72482
1.12953
1.12953
0.736666
0.736666
0.736666
0.736666
0.736666
0.755455
0.755455
0.819932
0.819932
0.819932
0.819932
1.49501
1.49501
2.23456
1.86967
1.63724
1.28116
1.37153
1.37153
1.37153
0.616564
0.616564
1.53005
1.53005
1.53005
1.53005
1.49831
1.49831
1.71745
1.71745
1.71745
1.71745
1.62376
2.02835
2.02835
2.02835
2.02835
2.02835
2.02835
1.27115
0.710287
0.268203
0.268203
1.80449
1.80449
1.80449
2.82825
2.82825
3.79335
4.33943
4.48358
3.82708
3.93109
3.84164
3.36966
3.21875
1.6082
1.6082
1.6082
1.6082
1.5504
3.03476
3.03476
2.65362
3.29424
3.29424
3.29424
3.67484
3.67484
2.33323
3.11693
2.77518
2.45319
2.43752
3.59387
4.67631
4.33439
4.33439
4.45263
4.26433
4.26433
4.26433
4.26433
4.26433
4.82704
5.35242
5.04015
3.91909
3.66583
3.66583
4.25117
4.36549
4.80707
4.68733
5.10828
5.23711
5.23711
4.43573
3.57363
3.50392
3.50392
3.50392
3.36008
3.36008
3.79451
3.79451
3.79451
4.21397
4.21397
3.38137
3.38137
3.59125
2.402
2.26781
0.979738
0.979738
1.74829
2.59804
1.99915
1.99915
1.99915
1.99915
1.18925
1.18925
0.670241
0.85702
0.85702
0.85702
0.85702
0.85702
0.780398
1.26915
1.53543
2.09464
3.23729
3.23729
2.62651
2.62651
2.13669
2.13669
2.13669
2.13669
2.88034
4.10113
4.10113
3.74249
3.91926
3.52744
3.52744
3.52744
4.55524
4.55524
4.55524
3.41726
2.66925
2.66925
2.56512
2.60374
2.60374
2.44435
3.21918
3.31637
2.4484
2.04029
2.04029
1.64522
0.679915
0.679915
0.679915
0.86662
0.86662
0.86662
0.601483
0.601483
1.11519
1.4026
1.01577
1.01577
1.04829
1.04829
1.04829
0.804367
0.804367
0.764079
0.764079
0.764079
0.764079
0.764079
1.82489
1.82489
2.19049
3.59405
2.02822
2.02822
2.40552
2.75158
2.12019
1.91655
1.91655
0.756733
0.756733
0.756733
0.756733
0.756733
1.18083
1.18083
1.18083
1.18083
1.18083
1.28748
1.28748
1.28748
0.891526
0.891526
0.891526
0.891526
0.891526
1.30855
1.30855
1.5722
1.566
0.18439
0.18439
0.18439
1.37076
1.37076
1.37076
0.911292
0.911292
0.911292
1.28851
0.687985
0.687985
0.687985
0.687985
0.7843
0.7843
0.7843
1.99204
1.99204
1.3037
1.57008
1.31983
0.721158
1.23725
0.309822
0.309822
0.68318
0.405845
0.405845
0.405845
0.405845
0.405845
0.405845
0.405845
0.405845
0.755711
0.722681
0.722681
1.21058
0.929981
0.929981
0.929981
0.591125
0.591125
0.591125
0.591125
1.09803
1.09803
1.09803
1.09803
1.09803
1.09803
0.555808
0.555808
1.26077
0.633133
0.358824
0.358824
0.358824
0.358824
0.358824
0.358824
0.358824
0.358824
0.358824
0.358824
0.358824
0.358824
0.358824
0.358824
1.36212
1.36212
1.01679
1.01679
1.06772
1.06772
1.06772
1.22333
1.22333
1.22333
1.22333
1.22333
1.22333
1.43898
1.12994
0.400467
0.400467
0.400467
1.72379
1.559
0.607251
0.608882
0.608882
0.608882
0.608882
0.608882
0.608882
0.608882
1.33393
1.54111
1.23718
1.23718
1.23718
1.23718
1.23718
0.989342
0.55962
0.956339
0.956339
0.956339
0.827332
1.38583
1.33965
1.33965
1.1321
2.62697
2.20403
1.82874
1.82874
1.82874
1.82874
1.82874
1.76674
1.76674
1.76674
1.76674
1.76674
1.76674
1.94781
1.74609
1.9658
1.9658
1.9658
2.71859
2.82052
4.01422
3.68729
2.43921
2.43921
2.43921
2.43921
2.43921
2.99107
2.05662
2.1014
2.1014
1.86671
1.86671
1.86671
1.30958
1.30958
1.30958
1.30958
1.16509
0.971594
0.971594
1.45721
1.69072
1.82448
1.82448
1.82448
1.82448
2.38299
2.4777
2.4777
3.05233
3.05233
3.21871
3.21871
2.60261
2.8975
2.8975
2.8975
2.8975
2.54593
2.54593
2.81646
2.72514
2.72514
3.45069
2.54875
2.54875
2.54875
3.0461
3.0461
2.87239
2.87239
2.97357
2.97357
2.97357
3.29919
3.66797
3.62047
3.29744
2.99798
2.99798
2.57232
2.26163
2.40893
2.40893
2.47974
2.91586
2.91586
2.91586
2.60542
1.94001
1.76952
1.9808
1.9808
1.87846
1.87846
1.87846
1.87846
1.87846
2.08033
2.08033
2.03991
2.03991
1.81634
2.47197
2.47197
2.68557
2.68557
2.00453
1.13026
1.13026
1.20485
1.20485
0.846444
0.846444
0.846444
1.22943
0.786352
1.64221
1.64221
1.96064
1.96064
1.96064
1.96064
0.947353
0.589233
0.589233
0.589233
0.589233
0.589233
0.589233
1.14822
2.0611
1.78579
1.78579
1.42976
1.42976
1.80144
2.1559
1.05201
0.90484
1.26
1.26
1.72431
1.06527
1.27853
0.875426
0.758296
0.758296
0.758296
0.758296
0.758296
0.758296
1.30827
1.34382
1.34382
1.34382
1.62496
1.66679
1.66679
1.92393
1.92393
1.92393
2.48695
2.7981
2.7981
2.7981
2.23843
3.00886
2.32514
1.72216
2.83327
2.78995
2.78995
2.43028
2.28993
2.28993
2.18915
1.93817
1.93817
3.11192
3.11192
3.79568
3.89555
3.87425
3.50023
3.50023
3.50023
3.13824
2.26465
2.26465
2.41387
2.41387
2.28881
2.46846
2.46846
2.46846
1.37113
1.37113
1.61549
1.4379
1.4379
1.511
1.511
1.511
1.59053
1.10102
0.830645
0.830645
0.830645
0.830645
1.18817
1.18817
1.18817
1.82891
1.82891
1.7417
1.7417
1.7417
1.1489
1.1489
1.1489
1.1489
1.59004
1.59731
1.59731
1.59731
1.99389
1.99389
1.99389
1.38125
1.38587
0.949694
1.70337
0.971504
0.971504
0.971504
1.11231
0.854077
0.975677
0.975677
0.378316
0.378316
1.5244
1.5244
1.46645
1.78358
1.78358
1.84039
1.16728
2.29637
2.29637
1.55825
1.55825
1.03613
1.03613
1.5585
1.93015
1.93015
2.07638
1.60568
1.60568
2.24917
2.24917
0.870243
0.642003
0.642003
0.642003
0.642003
0.642003
0.642003
0.642003
0.642003
0.642003
0.691372
0.691372
0.691372
0.691372
0.691372
0.691372
0.691372
0.969286
0.969286
0.969286
1.30145
0.352398
1.22547
0.996761
0.253458
0.253458
0.401018
0.401018
0.401018
0.401018
0.401018
0.401018
0.401018
0.401018
0.401018
0.401018
0.401018
0.401018
0.401018
0.401018
0.401018
0.401018
0.401018
0.401018
0.401018
0.401018
0.401018
0.401018
0.401018
0.401018
1.32164
1.32164
1.32164
1.32164
1.17027
0.747487
0.747487
1.24165
1.50973
1.04424
2.18885
1.68479
1.68479
1.68479
0.711235
0.711235
0.711235
0.711235
0.769103
0.769103
0.856263
0.856263
0.914897
0.914897
0.914897
0.914897
0.425467
1.09047
1.09047
0.667774
0.667774
0.667774
0.667774
1.37546
1.37546
1.46416
1.46416
1.46416
1.54284
2.4586
2.4586
1.93824
1.93824
1.93824
1.72268
1.72268
1.72268
1.63651
1.74901
1.87962
1.58192
1.65385
1.36687
1.46802
1.46802
0.861644
0.861644
0.861644
0.3453
0.3453
0.3453
0.13833
1.17802
1.17802
0.936882
1.35992
1.35992
1.35992
0.809668
0.809668
0.809668
0.648762
0.648762
0.648762
0.648762
1.04072
1.04072
1.04072
1.04072
1.04072
1.04072
1.34331
1.20579
1.53407
1.65866
1.84618
1.2626
1.2626
1.13416
1.13416
1.13416
1.88387
1.73964
1.39367
1.39367
1.39367
1.68194
2.21038
2.21038
2.77164
2.77164
2.32885
1.99506
2.73185
2.42518
2.51899
2.15677
2.15677
2.15677
2.15677
1.86132
0.852596
0.852596
1.00806
1.00806
1.00806
1.00806
0.720463
0.720463
1.11804
1.11804
1.11804
1.4769
2.77901
2.92991
3.17782
3.17782
2.79343
3.03782
3.32412
3.32412
3.224
2.67008
3.09675
2.71217
2.71217
2.32086
2.32086
1.16315
1.16315
1.16315
1.16315
1.16315
1.21579
1.83048
2.33483
3.1195
3.19041
3.19041
3.19041
3.19041
2.07499
1.64724
1.43165
1.43165
1.43165
1.52898
1.38927
1.32783
1.32783
1.32783
1.32783
1.11699
1.11699
0.39299
0.39299
0.39299
0.39299
1.37576
1.06674
2.16764
2.16764
2.16764
2.07855
2.07855
2.07855
1.10774
1.10774
1.10774
1.35771
1.57634
1.08002
1.08002
0.793294
0.49977
0.878842
0.878842
0.620645
0.620645
0.620645
0.620645
0.620645
0.620645
0.862996
0.862996
1.27123
2.4291
2.4291
2.18181
2.47647
2.47647
2.47647
2.66889
3.27868
3.16922
1.95898
1.95898
1.95898
1.52729
1.1941
1.1941
1.1941
0.590672
0.590672
0.590672
0.590672
0.590672
0.590672
0.590672
0.590672
1.21283
1.21283
1.21283
0.798951
0.798951
0.901204
0.956063
1.41742
1.41742
1.41742
1.41742
1.41742
1.41742
1.40805
1.40805
1.30124
1.46563
2.03484
2.00977
2.32807
2.32807
1.77636
1.77636
1.65358
1.65358
2.00035
2.00035
0.973622
0.973622
1.00854
1.72709
1.82272
1.82272
2.55952
2.55952
2.32899
3.47064
4.36137
4.36137
3.95682
4.09878
3.43635
3.20651
3.20651
3.68023
3.68023
3.68023
4.43353
3.89407
4.55175
4.55175
4.55175
3.52989
3.52989
3.53021
3.53021
3.53021
4.4608
3.8079
4.8688
4.86157
4.86157
4.86157
5.30362
5.55691
5.48847
4.85875
4.85875
4.85875
5.18698
4.17927
3.90144
3.90144
2.87891
3.78956
3.78956
3.78956
2.71735
2.9063
2.23065
2.23065
2.23065
2.84722
2.84722
2.84722
2.84722
2.539
1.75361
1.64668
1.50664
1.50664
1.28162
1.28162
1.43215
1.43215
1.23961
1.15729
1.15729
1.15729
0.52307
0.52307
0.52307
0.52307
1.38076
1.38076
1.38076
1.38076
0.769472
0.917983
0.917983
0.917983
0.257762
0.257762
0.257762
0.257762
0.257762
0.257762
0.257762
0.257762
0.257762
0.257762
0.257762
0.257762
0.257762
0.257762
0.257762
0.364698
0.364698
0.811877
0.811877
1.27602
1.10013
1.10013
1.10013
1.78471
1.78471
1.57564
1.91671
1.71708
1.12502
1.12502
1.12502
0.725719
1.34538
1.34538
1.26314
0.577818
0.577818
1.34797
0.553769
0.553769
0.553769
1.62622
1.62622
1.72746
0.867281
0.867281
0.913584
1.51482
1.51482
1.51482
1.45838
1.45838
1.40511
1.8582
1.8582
1.8582
2.17637
2.17637
1.2098
1.2098
1.2098
1.16847
1.16847
1.16847
1.16847
0.554915
1.54186
2.13441
1.62339
2.10257
2.31698
2.35102
1.03179
1.03179
0.675459
0.675459
0.675459
1.09595
1.09595
1.09595
1.09595
2.44451
2.44451
1.03113
1.03113
1.03113
1.03113
1.14175
1.14175
0.812478
0.812478
0.812478
1.83769
1.83769
1.83769
0.614466
0.614466
0.614466
0.614466
0.614466
0.882905
1.00493
1.00493
2.49913
3.037
3.037
2.16615
2.16615
2.16615
2.16615
3.02383
1.9468
1.9468
1.9468
2.0891
2.0891
2.0891
1.20669
0.8337
0.429965
0.429965
0.429965
0.429965
0.429965
1.01065
1.4161
1.13923
1.17037
1.17037
1.17037
1.17037
1.17037
1.17037
1.14886
0.547932
0.547932
0.567405
0.567405
0.567405
0.888414
0.888414
0.888414
1.45005
1.45005
1.45005
1.45005
1.92024
1.92024
1.92024
1.39655
1.42828
1.16662
0.962042
0.962042
1.51064
1.71243
1.71243
1.71243
1.71243
1.03465
1.12185
1.12185
1.10476
0.848172
0.848172
1.26719
1.07035
1.07035
1.07035
1.07035
1.09998
1.34762
1.34762
2.39644
2.63709
2.63709
3.27459
3.27459
3.27459
2.34299
1.83239
1.1014
1.05878
1.01667
1.01667
0.908807
1.22089
1.22089
1.22089
1.22089
1.47409
1.34679
1.99806
1.99806
1.30678
1.30678
1.30678
1.3158
1.3158
1.54669
1.12577
1.31294
2.13832
2.13832
1.43517
1.41717
1.54392
0.79927
0.79927
1.04138
0.733989
0.698051
0.56803
0.56803
0.56803
0.56803
0.56803
0.620526
0.939218
0.939218
0.939218
0.79347
0.79347
1.58196
1.58196
0.3872
1.83196
1.11316
1.32868
1.30026
1.30026
1.30026
0.705215
1.31355
1.75913
2.0668
2.0668
2.0668
2.9304
3.4121
4.51894
4.51894
3.98984
3.98984
3.58387
4.10084
3.16872
2.33024
2.33024
2.26577
2.26577
2.64114
2.64114
2.64114
2.64048
2.64048
2.64048
1.69626
1.69626
2.26659
3.20914
3.20914
3.20914
3.06009
3.06009
3.38204
3.38204
3.38204
3.38204
3.26661
3.26661
2.24677
1.79238
1.79238
1.79238
1.69671
1.7869
1.7869
0.715787
0.715787
0.715787
0.715787
0.715787
1.46032
1.46032
2.309
2.15317
2.41316
2.06556
1.47302
1.66391
1.66391
1.66391
1.66391
2.53864
3.17736
3.18407
3.09768
3.09768
2.66965
2.66965
2.66965
2.66965
2.9201
2.69116
2.69116
3.40825
3.40825
3.79942
3.02461
3.02461
3.02461
2.85954
2.85954
2.85954
2.87613
1.87034
2.80124
1.7809
2.22402
2.22402
2.22402
2.22402
2.22402
2.1205
2.11584
2.11584
2.11584
2.85427
2.52482
2.52482
1.35032
2.30551
2.41345
2.41345
2.45877
2.45877
2.91944
3.12681
3.12681
3.12681
2.52568
2.02314
2.02314
2.02314
2.02314
2.02314
2.02314
2.36619
2.36619
1.96451
1.96451
2.24868
2.24868
2.24868
2.42851
2.00464
2.00464
1.84618
1.84618
1.84618
1.75963
1.75963
1.76618
1.76618
2.37274
1.37936
1.50495
1.50495
1.45867
1.45867
1.29709
1.29709
1.29709
1.35209
1.49365
1.46466
1.50922
1.50922
1.50922
1.85148
2.66007
2.66007
1.77966
1.77966
1.77966
1.98998
1.92819
2.77102
2.63992
2.48502
2.24424
2.53712
2.58732
1.54808
2.23482
2.41357
2.41357
1.13467
1.13467
1.13467
1.13467
1.13467
1.13467
1.13467
1.13467
1.13467
1.13467
0.862724
0.862724
0.862724
1.40046
1.40046
1.40046
1.50777
1.50777
0.962349
0.962349
0.962349
0.923415
0.923415
0.923415
0.923415
0.923415
0.923415
1.53199
1.35
1.35
1.35
1.89488
1.25077
1.25077
1.25077
1.21084
1.96846
1.11553
0.487037
0.487037
0.487037
0.487037
0.487037
0.487037
0.487037
0.75956
0.75956
0.75956
0.98842
0.866038
0.866038
1.07492
1.01338
1.01338
1.52678
2.15177
2.15177
0.873837
0.873837
0.873837
0.90671
0.90671
1.4174
1.81447
1.47249
0.337654
0.949375
0.949375
0.949375
1.44952
1.44952
1.44952
1.44952
1.44952
0.291983
0.291983
0.291983
0.291983
0.291983
0.496557
0.852696
0.852696
0.606879
0.606879
0.606879
0.606879
0.606879
0.606879
0.606879
0.928211
0.912316
0.912316
0.912316
0.493886
0.493886
0.493886
0.493886
1.44576
1.44576
1.44576
1.44576
1.39873
0.799516
1.24663
1.24663
1.24663
1.24663
1.24663
1.15224
1.36888
0.964055
0.964055
0.964055
0.964055
0.964055
0.645687
0.976471
0.976471
0.545019
0.849898
0.849898
0.849898
1.9912
1.9912
1.9912
1.9912
1.9912
1.90536
1.52788
1.52788
1.52788
1.52788
1.52788
1.52788
1.52788
1.66993
1.66993
1.19867
1.28026
0.553625
0.553625
0.685106
0.685106
0.685106
0.685106
0.685106
0.297362
0.297362
0.297362
0.297362
0.804863
0.804863
1.13298
0.962504
0.962504
0.962504
0.962504
0.962504
0.962504
0.812499
1.21462
1.21462
0.733078
0.795329
0.906025
0.827296
0.843486
0.820756
1.27854
2.26109
2.24803
2.42362
2.42362
3.10898
2.24524
2.24524
2.24524
1.36353
1.36353
1.36353
1.96827
1.96827
1.96827
1.88677
1.77983
1.77983
2.57307
1.10853
1.10853
1.10853
1.10853
1.10853
1.10853
1.28841
0.434856
0.434856
0.434856
0.434856
0.434856
0.434856
0.434856
0.434856
0.434856
0.494958
1.7889
1.00182
0.550359
0.550359
0.550359
0.721877
0.117901
0.117901
0.117901
0.117901
0.117901
0.117901
0.117901
0.117901
0.117901
0.117901
0.117901
0.117901
0.117901
0.117901
0.117901
0.117901
0.117901
1.23112
2.44106
2.44106
2.17683
2.43345
2.41968
2.65004
1.86771
1.2796
1.54075
1.54075
1.54075
1.54075
1.54075
1.54075
2.13348
2.13348
1.95749
1.95749
1.67617
2.45538
1.09138
1.03523
1.03523
1.03523
0.835898
0.87575
0.87575
0.87575
0.87575
0.959024
0.959024
0.959024
0.959024
0.959024
0.919658
0.919658
0.919658
0.919658
0.919658
1.42724
1.51936
1.51936
2.02045
2.58446
1.67555
1.67555
1.67555
0.907974
0.907974
0.907974
0.907974
1.77017
1.77017
1.30931
1.30931
1.30931
1.20586
1.27216
1.52501
0.933107
0.933107
1.31906
1.62675
1.51586
0.880084
0.880084
0.880084
0.660258
0.660258
0.660258
0.660258
0.660258
0.660258
0.660258
0.660258
0.654737
0.654737
0.654737
0.654737
0.654737
0.654737
0.654737
0.654737
0.654737
0.654737
0.52471
0.52471
0.52471
1.35155
1.33969
1.33969
1.33969
1.26882
1.26882
1.75416
1.75416
1.75416
1.75416
1.75416
1.75416
1.15591
1.15591
1.36715
1.23592
1.23592
1.23592
1.23592
1.23592
1.05765
1.18224
1.58338
1.58338
1.58338
1.62751
1.62751
1.77606
1.75433
1.57988
1.84222
1.84222
2.05797
2.05797
1.73243
1.73243
1.41367
1.44984
0.784935
0.784935
0.784935
1.27598
1.19473
1.23865
1.23865
1.38562
1.26421
1.26421
0.552402
1.23494
1.28098
1.28098
1.22211
1.22211
0.538328
0.538328
0.881153
0.881153
0.961271
2.14408
1.97723
2.71985
3.31559
3.31196
2.34143
2.43547
2.3984
2.3984
2.38201
2.31044
2.31044
1.98133
1.11105
1.48594
1.48594
1.96857
1.96857
1.32238
0.1691
0.1691
0.1691
0.1691
0.1691
0.1691
0.1691
1.01737
1.01737
1.01737
1.01737
1.01737
1.01737
1.18791
0.774907
0.774907
0.774907
1.31976
1.33853
0.882959
0.882959
0.461853
0.461853
0.461853
0.461853
0.461853
0.702521
0.691109
0.691109
0.691109
0.691109
1.24042
1.47985
2.11652
2.11652
1.97831
1.1287
1.1287
1.65756
1.65756
1.80202
1.23481
0.790511
0.790511
0.790511
0.790511
0.782315
0.782315
0.782315
0.782315
0.782315
0.782315
1.51126
1.51126
1.51126
1.51126
1.22142
1.22142
1.22142
1.0806
0.429483
0.429483
1.06154
1.20414
1.20414
1.20414
1.66974
1.35728
0.884426
0.61823
0.61823
0.61823
0.481433
0.481433
0.481433
0.481433
0.622127
0.622127
0.622127
0.622127
0.622127
1.16917
1.16917
1.16917
1.16917
1.79653
1.79653
1.83688
1.83688
1.83688
2.44059
2.44059
2.44059
2.34735
2.34735
2.34735
2.34735
2.34735
2.34735
2.82253
2.82253
2.82253
2.95962
2.2657
2.62914
2.02963
2.02963
1.78997
1.78997
1.41603
1.41603
1.41123
1.41123
1.18462
1.18462
1.35343
1.35986
0.39192
1.09684
1.09684
1.09684
1.09684
1.09684
1.09684
2.14175
2.14175
2.14782
2.81147
2.43866
2.21076
1.97706
1.89071
1.89071
1.70158
1.70158
1.70158
1.53524
1.53524
1.52239
0.308773
0.308773
0.308773
0.308773
0.308773
0.12966
0.12966
0.12966
0.937829
1.00811
1.07538
1.7577
1.7577
1.7577
1.29493
1.29493
1.29554
1.29554
1.24234
2.08753
2.08753
1.80897
1.61332
1.61332
1.61332
1.61332
1.61332
0.854506
0.854506
0.854506
1.11635
0.281056
0.281056
0.281056
0.510596
0.510596
0.510596
0.510596
1.09609
1.09609
1.09609
1.09609
1.09609
1.09609
1.09609
0.752629
0.752629
0.752629
1.53636
1.53636
1.53636
1.53636
1.53636
1.53636
1.53636
1.53636
1.34668
1.34668
0.708312
0.708312
0.708312
1.76931
2.40438
2.39115
2.39115
2.39115
2.68482
2.68482
2.68482
2.33939
2.07166
2.07166
2.20593
1.15945
0.845651
0.845651
0.96474
1.29708
0.748954
0.748954
0.748954
0.748954
0.748954
1.35536
1.35536
0.961029
0.55593
0.55593
0.772709
0.772709
0.857708
0.857708
0.857708
0.744027
0.902442
0.902442
0.902442
0.902442
0.932679
0.461103
0.461103
0.461103
0.461103
0.461103
0.461103
0.461103
0.461103
0.461103
0.461103
0.461103
0.432141
1.52982
1.52982
1.52982
1.52635
1.1305
1.1305
1.1305
0.591219
0.591219
1.18427
1.18427
1.34678
1.46133
1.07605
1.07605
1.07605
1.07605
1.07605
1.07605
0.803815
0.803815
0.803815
0.803815
0.803815
0.248149
0.248149
1.61598
2.18976
2.18976
2.18976
1.8206
1.8206
1.73654
1.81169
1.81169
1.81169
1.27586
1.33183
1.33183
1.17013
1.48696
1.38459
1.38459
1.94392
1.94392
1.27788
1.27788
1.27788
1.95556
2.60621
2.60621
3.39988
3.21435
2.67945
2.67945
2.67945
2.67945
2.66207
2.46679
2.90484
1.52953
1.84823
1.84823
2.44828
2.21082
2.21082
2.21082
2.35975
2.35975
3.08766
3.08766
2.95087
2.95087
1.42916
1.42916
1.42916
0.63667
0.63667
0.873895
1.42308
1.59161
1.59161
1.43316
1.15304
1.15304
1.15304
1.75563
1.75563
1.72304
1.25595
0.591092
0.591092
1.01831
1.01831
1.01831
1.01831
0.834845
0.799494
2.02763
2.29385
2.29385
2.29385
1.85363
1.85363
1.43425
1.62715
1.62715
1.65014
1.65014
1.65014
1.65014
1.65014
1.51022
1.51022
1.21108
1.21108
0.376842
1.31195
1.32214
1.32214
1.32214
1.44999
1.44999
1.44999
1.44999
0.803478
0.803478
0.803478
0.803478
0.803478
1.88104
1.88104
1.99758
1.34285
1.34285
1.1691
1.1691
1.1691
1.01902
1.01902
1.01902
1.01902
1.01902
1.01902
1.01902
0.230469
0.230469
0.230469
0.230469
0.230469
0.230469
0.230469
0.230469
0.230469
0.230469
0.230469
1.14143
1.14143
1.14143
1.14143
1.14143
1.14143
1.49751
1.49751
1.49751
1.20484
0.679585
0.685944
0.685944
0.685944
0.820596
0.820596
0.820596
0.820596
1.43207
1.43207
1.43207
1.89086
2.89976
2.3033
1.59011
1.59011
1.28316
1.19393
1.19393
1.19393
1.19393
1.19393
0.702685
0.622681
1.84725
1.84725
1.84725
1.99511
1.99511
1.99511
1.99511
1.77568
1.99494
1.94702
2.16536
1.64807
1.53346
1.53346
2.84455
2.13228
2.13228
2.27928
2.27928
1.67489
1.67489
1.82477
1.82477
2.07287
2.07287
2.80536
2.98393
2.98393
2.49954
2.49954
3.47061
3.47061
3.41605
3.33536
2.78423
2.19607
1.79914
1.23574
1.23574
1.34361
1.34361
1.02664
0.536401
0.785723
1.01295
1.30669
1.30669
1.30669
1.12239
1.12239
1.12239
1.12239
1.97978
1.04545
1.04545
1.04545
1.1779
1.1779
1.1779
1.1779
1.1779
1.21097
0.844994
0.785508
0.665455
0.665455
0.665455
0.665455
0.665455
0.665455
1.23617
1.23617
1.23617
1.23617
0.773741
0.582261
0.582261
0.582261
0.582261
0.582261
0.582261
0.582261
0.582261
1.50119
1.50119
1.50119
1.10179
1.10179
1.358
1.17279
1.17279
1.43679
1.43679
1.05435
1.05435
1.05435
1.05435
1.02695
0.475117
0.584744
0.584744
1.20907
1.99027
1.9147
3.36695
2.79405
2.68561
3.10826
3.25708
3.25708
3.25708
3.25708
3.25708
3.25708
3.25708
3.12571
2.36767
2.19357
2.22213
2.22213
2.22213
2.68864
1.64148
1.64148
1.83242
1.83242
1.4924
1.4924
1.4924
1.44662
1.28995
1.28995
1.28995
1.28995
0.814092
0.814092
1.23176
1.23176
1.23176
1.37668
1.09509
1.09509
1.34284
0.868319
0.868319
0.868319
0.868319
0.868319
0.868319
0.868319
0.770516
1.87931
2.17789
1.63628
1.63628
1.63628
0.722666
0.722666
0.722666
0.753176
0.753176
0.753176
0.753176
1.0889
0.475706
0.475706
0.475706
0.475706
0.475706
0.77628
0.77628
0.871872
0.823234
0.823234
0.823234
0.823234
0.809634
1.15288
1.15288
1.32327
1.61247
1.65208
1.65208
1.71803
1.71803
1.42383
1.42383
1.76617
1.25242
1.25242
0.63487
1.52385
1.37589
1.73143
1.03517
1.03517
1.03517
1.03517
1.03517
1.62164
2.45974
2.45974
2.45974
2.4802
3.61226
3.61226
3.55654
3.55654
3.26715
2.50924
2.50924
2.50924
2.50924
2.65371
2.39954
2.77264
2.89598
3.49165
3.49165
3.82361
3.52359
3.52359
2.45315
1.22925
1.22925
1.29018
1.29018
1.29018
1.79601
1.79601
1.79601
0.786499
1.54928
1.54928
1.68049
1.68049
1.68049
1.31893
1.31893
0.948734
0.948734
0.906221
1.10492
0.775809
0.833297
1.32182
1.32182
1.32182
0.879246
0.879246
0.879246
0.645154
1.1022
1.1022
1.1022
1.1022
1.1022
1.1022
0.61428
0.61428
0.61428
0.61052
0.61052
0.761092
1.25081
1.25081
1.25081
1.25081
1.25081
0.462803
0.462803
0.462803
1.27608
1.27608
1.01261
0.504769
0.504769
0.743253
0.743253
0.743253
0.743253
0.743253
0.743253
0.743253
0.743253
0.743253
0.95317
0.95317
1.84267
1.78462
2.57821
3.11944
3.30346
3.83134
3.93869
4.5238
4.52438
4.57705
4.57705
4.57705
3.77408
4.98919
4.34434
4.34434
3.07936
3.48526
4.02413
2.68712
2.48004
2.48004
2.38407
2.12706
1.94011
1.94011
1.35191
1.68746
1.68746
2.2747
1.31791
1.66611
2.07527
2.16163
2.25022
2.25022
2.10069
2.10069
2.10069
2.10069
1.9589
2.15535
1.63772
0.601332
0.601332
0.601332
0.601332
0.601332
0.601332
0.601332
0.677907
0.677907
0.853455
1.11993
0.675235
0.675235
0.675235
1.04396
1.04396
1.04396
1.04396
0.849382
0.849382
0.849382
0.72965
0.72965
0.72965
0.72965
0.72965
0.72965
0.72965
0.72965
0.72965
0.72965
0.72965
0.72965
1.52959
1.52959
1.76623
1.76623
0.819669
1.40218
1.1423
1.1423
1.06606
1.06606
0.470836
0.470836
0.470836
1.25668
0.873786
0.873786
0.873786
0.873786
1.07606
1.07606
1.07606
1.07606
0.666685
0.666685
0.666685
0.666685
0.666685
0.666685
0.666685
0.666685
0.666685
0.666685
0.666685
0.666685
0.666685
0.666685
0.889019
0.889019
0.889019
0.889019
0.889019
1.04227
1.04227
0.465352
0.465352
0.465352
0.465352
0.465352
0.465352
0.465352
0.465352
0.465352
0.465352
0.465352
0.465352
0.465352
0.465352
0.465352
0.401032
0.401032
0.401032
0.401032
1.63812
1.7464
1.7464
1.76846
1.76846
1.41495
0.552741
0.836199
0.405224
0.405224
0.405224
0.410322
0.410322
0.451635
0.451635
0.18311
0.18311
0.18311
0.18311
0.18311
0.18311
0.18311
0.18311
0.18311
0.18311
0.18311
0.18311
0.18311
0.443855
0.443855
0.443855
0.443855
0.443855
0.911049
0.911049
0.911049
0.911049
0.911049
0.911049
0.911049
1.07817
1.07817
2.22018
2.93688
2.93688
2.65612
2.15257
2.15257
2.15257
1.2377
1.2377
1.12713
2.03309
2.53028
2.81155
2.81155
2.67435
2.67435
2.9992
3.02124
3.02124
2.36948
2.36948
2.36948
1.88866
0.757593
0.757593
0.757593
0.757593
0.757593
0.757593
1.47081
1.9149
1.85425
1.85425
1.85425
1.85425
1.04382
1.25433
1.25433
1.01131
1.44173
1.44173
1.44173
1.44173
1.44173
2.34906
2.34906
2.29339
2.29339
2.0648
2.0648
2.0648
2.06297
0.777148
0.777148
0.777148
0.777148
0.777148
0.868773
0.868773
1.20589
0.861589
1.10952
1.12848
1.12848
1.12848
1.2429
0.451434
0.451434
0.451434
1.23101
1.23101
1.23101
1.16098
1.27566
1.28757
1.64496
1.64496
1.51633
2.62976
2.18312
2.18312
2.18312
2.18312
1.8761
1.22062
1.28895
1.28895
1.26231
1.15728
1.15728
1.15728
0.833458
0.833458
1.27471
1.42789
1.76681
2.1169
1.3362
0.973564
0.973564
0.973564
1.88281
1.89829
1.89829
1.89829
1.89829
1.89829
1.89829
1.89829
2.95799
2.58377
3.17526
3.17526
3.33549
2.80348
3.59366
3.59366
3.72933
3.61737
3.61737
3.0032
2.80386
2.80292
3.34363
3.14314
2.92604
2.92604
2.92604
2.68604
2.68604
2.95937
3.26742
2.56506
2.56506
3.19316
3.25929
3.31301
4.13211
4.13211
4.13211
3.26308
3.26308
3.26308
3.3911
3.05396
3.40653
3.40653
3.40653
3.80269
3.80269
3.86265
4.58716
4.10392
4.10392
4.10392
3.91087
3.60292
3.60292
3.60292
3.68373
4.06521
4.06521
3.8389
3.64055
3.5884
3.5884
3.06579
2.81633
3.217
3.05914
3.7883
3.60631
3.60631
3.60631
2.71946
2.27543
2.71067
2.71067
2.27577
2.10515
2.10515
1.58593
1.58593
1.58593
1.58593
1.58593
0.751481
0.751481
0.751481
2.29949
2.50447
2.50447
2.47487
2.01353
1.09763
1.02316
1.02316
0.992004
0.992004
1.28605
0.840922
0.840922
0.840922
0.840922
0.840922
1.1031
1.1031
1.11707
0.665974
1.06254
1.06254
0.646366
0.646366
0.646366
0.646366
0.646366
0.646366
0.566803
1.7074
1.7074
1.95116
1.95116
1.95116
1.34628
1.34628
1.83608
1.83608
1.83608
1.83608
1.83608
2.45808
2.44583
2.91985
2.91985
3.49941
2.40763
1.27722
1.27722
1.33239
1.33239
1.62067
1.80357
1.25059
1.44719
1.84021
1.84021
2.40611
2.40611
1.45368
1.77342
1.77342
1.77342
2.72739
2.84946
2.92098
2.99641
2.99641
2.99641
2.9583
2.9583
2.9583
2.72565
3.15637
2.77086
1.53339
1.9396
2.24724
2.24724
2.24724
1.84089
1.84089
2.14052
2.14052
2.50057
2.46052
1.8972
1.8972
1.8972
1.8972
1.36463
1.85499
1.85499
1.85499
2.60856
2.50276
1.95541
1.95541
2.4613
2.4613
2.4613
2.22365
2.22365
1.87177
1.87177
1.87177
1.87177
1.50494
1.72601
1.078
1.078
1.49434
1.73528
1.73528
1.73528
1.73528
1.73528
3.05551
2.53779
2.02785
2.02785
2.02785
2.02785
2.02785
1.67155
1.67155
1.7886
1.7886
1.7886
2.00732
1.79913
1.68208
1.68208
1.24781
1.27877
1.27877
1.11391
0.981196
1.29515
1.29515
1.33402
1.54606
0.980078
0.980078
0.980078
0.980078
0.980078
1.40419
1.55551
1.55551
1.74441
1.74441
1.61603
1.61603
1.61603
1.6758
1.6758
1.80814
1.75238
2.43069
2.3347
1.96776
1.96776
2.25324
1.92321
1.22632
1.06109
0.824296
0.790545
0.790545
0.790545
0.790545
1.48941
1.43106
1.35524
1.35524
1.36095
1.36095
1.36095
1.81678
2.55787
2.25003
3.1193
3.5578
4.86797
4.57402
4.34585
4.34585
2.96743
2.96743
2.96743
2.96743
2.96743
3.84389
3.84977
3.74582
3.74582
3.74582
3.92951
3.92951
3.92951
4.99176
4.97312
4.98339
4.98339
4.24507
4.24507
4.24507
3.94993
3.94993
3.94993
3.33459
3.51696
3.20736
3.32858
3.52576
4.45636
4.22449
5.13849
4.9374
4.1687
3.29397
2.7269
2.7269
2.23903
2.85326
2.23579
2.23579
1.75936
1.69792
0.1746
0.1746
0.1746
0.1746
0.1746
0.1746
0.1746
0.762499
0.762499
0.762499
0.762499
0.762499
0.762499
0.762499
1.26723
1.26723
1.26723
1.26723
1.4293
1.48382
2.76818
2.76818
3.0451
3.0451
3.78899
3.8415
2.58913
1.68032
1.68032
1.20089
0.888974
0.888974
0.888974
1.3127
1.0198
0.970407
1.06995
0.709808
0.709808
0.709808
0.709808
0.709808
0.709808
0.709808
0.709808
0.709808
0.709808
1.10663
1.30795
1.30795
1.2382
1.3204
1.3204
1.3204
1.3204
1.66648
2.16734
2.16734
2.56123
1.99353
1.76439
2.28307
2.32903
2.32903
2.43943
2.77366
2.85661
2.35482
3.48674
3.48674
3.48674
4.07668
4.11431
4.11431
3.73745
3.21249
3.21249
3.21249
2.23635
2.38159
2.38159
2.38159
2.09859
2.62531
3.69019
3.69019
3.69019
2.61028
2.31982
2.31982
2.31982
2.31982
2.31982
2.11602
2.11602
1.99198
1.52295
1.52295
1.52295
1.47106
1.47106
1.5564
2.19719
2.422
2.422
1.56065
1.55227
0.392514
0.392514
0.392514
1.16783
0.913942
1.1417
1.1417
1.1417
1.1417
1.1417
2.33128
1.76676
1.8146
1.8146
1.8146
2.10338
2.10338
2.10338
2.10338
2.26845
2.68044
1.81565
1.81565
1.74651
1.74651
1.94527
2.21447
2.21447
2.49928
2.21298
1.44939
1.44939
1.44939
1.43285
1.43285
1.43285
1.38314
1.38314
1.36895
1.36895
1.36895
1.03022
1.03022
0.77578
0.77578
0.77578
0.77578
0.939607
0.836793
0.836793
0.836793
0.836793
0.836793
1.14099
1.14099
1.43268
1.43268
1.43268
1.43268
1.55535
1.55535
1.7535
1.7535
1.7535
1.7535
1.79705
2.14659
2.14659
1.6512
1.6512
1.45958
1.45958
1.45958
1.93105
2.28583
1.43298
1.90827
1.92814
1.92814
1.29154
0.492766
1.69824
1.69824
1.69824
1.27625
1.27625
1.1586
1.92398
1.92398
1.31896
0.752521
0.752521
0.752521
0.752521
0.725194
0.725194
0.725194
1.92801
1.55137
1.23017
1.70685
2.05925
2.05925
2.05925
0.866723
0.803358
0.803358
0.976628
0.703247
0.703247
0.703247
0.703247
1.34773
1.34773
1.34773
1.34773
1.34773
1.34773
2.04841
1.81936
1.81936
1.81936
2.04942
2.04942
1.48734
1.48734
1.48734
1.27375
1.27375
1.27375
1.27375
1.27375
1.27375
1.27375
0.978288
0.978288
0.978288
0.827311
0.970988
0.970988
0.970988
1.01181
1.32748
0.844109
0.662213
0.662213
0.662213
0.981143
2.30037
2.8054
2.20374
1.51709
2.00037
1.42783
1.42783
1.42783
1.59582
1.08528
1.08528
0.675569
1.8495
1.8495
2.0493
2.0493
2.0493
2.0493
1.56948
1.56948
1.82249
1.56547
1.56547
1.01376
1.09098
0.894951
1.48211
0.999579
0.999579
1.92676
2.16696
1.20119
0.614394
0.869663
1.21172
1.21172
1.21172
1.21172
1.21172
1.13618
1.13618
1.68128
2.35768
2.06059
2.06059
2.73388
1.76858
1.76858
1.78311
1.4861
1.32421
0.473386
0.473386
0.473386
0.473386
0.473386
1.11697
1.11697
0.503736
0.503736
0.611719
0.611719
0.611719
0.820783
1.22158
1.22158
1.22158
1.24078
1.24078
1.24078
1.95665
0.695186
0.695186
0.695186
0.804035
0.804035
0.287491
0.287491
0.854154
1.01618
0.805232
0.805232
0.820331
0.624004
0.624004
0.624004
0.624004
0.624004
0.624004
0.624004
0.791951
0.791951
0.791951
0.791951
1.1649
1.1649
0.903592
0.903592
0.903592
0.903592
0.903592
0.903592
0.903592
0.903592
0.903592
1.65887
1.74135
1.63796
1.03937
1.03937
1.03937
1.03937
1.53507
1.50984
0.916794
0.916794
0.916794
0.705082
0.705082
0.893491
0.893491
1.97535
1.8818
2.44505
1.86673
1.86673
2.23744
2.23744
2.47216
2.33027
2.33027
2.33027
2.78628
2.78628
2.97568
2.29737
2.80588
3.33596
3.95588
3.95588
3.97578
2.2968
2.2968
2.2968
2.2968
2.32165
2.65714
2.65714
2.64716
2.89137
1.68367
1.05477
1.05477
1.05477
1.05477
1.05477
1.218
0.884407
1.53153
1.53153
0.830161
0.830161
0.680386
0.773864
0.997931
0.997931
0.997931
1.03616
1.01054
1.01054
1.01054
1.01054
0.701651
1.31401
1.28543
1.26256
1.31781
0.803744
2.44088
2.44088
2.44088
2.42849
2.42849
3.45056
3.70263
3.11642
2.11716
2.12413
1.67585
2.32894
2.32894
1.88878
1.99225
1.99225
2.19102
1.18766
1.18766
1.24433
1.24433
1.24433
1.24433
1.24433
1.24433
1.9398
1.9398
1.9398
1.9398
1.76181
1.76181
1.83388
2.34784
1.19136
1.19136
1.19136
2.17522
2.17522
1.82604
1.82604
1.82604
1.82604
1.82604
2.24944
3.39693
4.06011
4.06011
4.06011
4.07519
2.79718
2.79718
2.63624
2.63624
2.16046
1.88423
0.840515
0.840515
0.182929
0.182929
0.182929
0.182929
0.182929
0.182929
0.182929
0.182929
0.520468
0.520468
0.520468
0.520468
0.520468
0.520468
0.520468
2.01822
1.98856
1.98856
1.98856
2.12341
2.12341
2.12341
1.31749
0.883664
0.883664
0.883664
0.941712
1.16176
0.736719
0.398966
1.67928
1.75171
1.48384
2.11579
1.50149
2.50883
2.15541
1.51524
1.51524
1.51524
1.51524
1.51524
1.51524
1.51524
1.51524
1.96161
1.1476
0.691278
0.570641
0.570641
0.570641
0.570641
0.585229
0.44542
0.44542
0.44542
0.44542
0.44542
0.44542
1.40951
1.40951
1.02108
1.02108
0.694221
0.694221
1.5266
1.5266
1.5266
2.52423
2.5791
2.5791
1.82653
0.943205
0.943205
0.943205
0.943205
1.37407
1.37407
1.22092
1.01753
1.01753
2.02403
1.32156
1.32156
1.32156
1.29711
1.29711
1.29711
1.29711
1.29711
1.87147
1.88999
1.23762
1.24467
0.698156
0.698156
1.07704
1.25178
1.18202
1.18202
0.980956
0.980956
0.980956
0.980956
0.688208
0.667754
0.667754
0.859047
0.859047
0.859047
1.24828
1.24828
1.24828
1.24828
1.24828
1.24828
1.05698
0.839405
0.524931
0.524931
2.0306
2.0306
1.54596
2.969
2.44778
2.44778
1.93763
2.26188
2.26188
2.77362
2.77362
2.20562
2.35387
2.18405
2.18405
2.18405
2.18405
2.18405
1.88667
1.88667
1.88667
2.79385
1.428
1.23389
1.23389
1.57852
1.57852
1.57852
2.43051
2.43051
2.70273
2.70273
2.52134
2.52134
2.52134
2.52134
2.52134
2.89215
2.89215
1.62409
1.65262
1.51702
1.51702
2.14336
2.45229
2.45229
2.34754
1.90775
1.90775
2.43302
2.43302
2.43302
3.22324
2.49192
2.01551
2.15222
2.15222
2.15222
2.15222
1.97086
1.98084
1.98084
2.08286
1.94728
1.94728
2.20793
2.20793
2.13052
1.56763
1.56763
3.19407
3.19407
3.17539
3.17539
3.17539
3.06457
2.45989
2.45989
2.45989
2.68735
2.50322
2.50322
1.79828
1.79828
1.10267
1.10267
1.10267
1.10267
0.943377
0.943377
0.943377
0.943377
1.37378
1.6068
1.6068
1.6068
2.19522
2.29084
2.29084
3.5022
3.5022
3.5022
4.49442
3.71486
3.9602
4.76436
5.22747
5.80302
5.85799
4.11649
4.11649
4.11649
3.29667
3.29667
3.29667
3.29667
2.73142
2.91473
2.91724
2.28835
2.28835
2.40546
2.9027
2.85326
2.23086
2.23086
2.23086
1.31494
1.31494
1.31494
1.31494
0.438476
0.438476
0.871311
0.959126
1.09439
1.09439
1.03391
0.948738
0.948738
0.948738
0.948738
1.11215
1.11215
0.639887
0.639887
0.639887
0.639887
0.639887
1.4249
0.995686
0.797182
0.797182
0.797182
0.797182
0.797182
0.789569
0.982376
0.982376
0.891725
0.891725
0.877926
0.877926
0.896273
0.860628
0.627906
1.56319
1.56319
1.39851
1.39851
0.798142
0.798142
0.798142
0.798142
0.798142
1.19576
0.730572
0.98726
0.98726
0.98726
0.98726
0.98726
1.76892
1.49582
1.49582
1.18208
1.18208
1.18208
1.18208
1.18208
1.18208
0.914027
0.914027
0.890837
0.883828
0.883828
0.883828
0.883828
0.883828
0.883828
1.31708
1.4541
1.42185
1.42185
1.98105
3.06073
2.73039
3.37515
4.26232
4.06189
4.16563
3.76007
3.76007
3.76007
4.61239
5.15622
4.09004
4.09004
4.09004
4.09004
4.09004
3.65188
3.65188
3.24206
3.24206
3.54248
3.20752
3.20752
2.72578
2.44782
2.14655
2.14655
2.56917
2.56917
1.35888
1.35888
0.612233
0.612233
0.612233
0.612233
0.795857
0.533159
1.2796
1.2796
1.2796
0.512832
1.35757
0.697096
0.697096
0.697096
0.697096
0.697096
0.697096
0.697096
0.665003
0.774866
1.03359
1.03359
1.41073
1.41073
1.76098
2.42806
2.42806
2.43994
2.23071
2.23071
2.23071
0.960164
1.36645
1.36645
1.36645
1.36645
1.84386
1.81604
1.81604
2.5572
1.99558
1.17745
1.17745
1.17745
2.22836
2.22836
2.6808
2.46022
2.46022
2.13523
1.34969
0.514205
0.636043
0.636043
0.636043
0.636043
0.636043
0.636043
0.636043
1.5264
1.28403
1.06008
1.06008
1.06008
1.25305
1.25305
1.25305
1.25305
1.25305
1.54825
1.50596
0.798027
0.798027
0.603237
0.603237
0.53985
0.767905
0.975915
0.975915
0.975915
0.975915
0.975915
1.04504
1.04504
1.6379
1.6379
1.6379
1.6379
1.6379
1.6379
2.16604
1.80098
1.80098
1.14154
1.26667
1.70023
1.44839
1.44839
1.44822
0.848478
1.40851
1.88538
1.15976
1.15976
1.15976
1.15976
1.15976
1.15976
1.15976
1.15976
1.76953
2.57454
2.57454
2.56005
2.56005
2.8768
2.8768
2.49185
2.49185
2.78652
2.4325
2.4325
2.4325
2.4325
2.58029
2.58029
2.58029
2.68029
2.82271
3.00629
3.22936
2.5439
3.13869
3.12043
3.27358
3.27358
3.76937
3.73435
4.20615
4.08442
4.08442
4.08442
4.08442
3.11639
3.45408
2.53386
2.53386
2.38307
1.32973
0.901484
0.901484
0.901484
0.861209
0.81736
0.81736
0.81736
0.81736
0.802704
0.663065
0.810163
0.810163
0.661563
0.661563
0.661563
0.661563
1.13596
1.04566
1.04566
1.04566
1.04566
1.04566
1.34052
1.34052
1.34052
1.34052
0.589736
0.589736
0.687924
0.687924
0.687924
0.687924
0.687924
0.250421
0.250421
0.250421
0.520247
0.520247
0.520247
0.520247
0.520247
0.520247
0.520247
0.520247
0.520247
1.64784
1.6939
2.84749
2.35304
2.35304
2.22539
2.22539
2.22539
2.35754
2.35754
1.84093
1.84093
1.73477
1.73477
1.73477
1.73477
0.496775
0.496775
0.496775
0.950376
0.950376
0.950376
0.950376
0.950376
0.962133
1.33832
1.33832
1.36015
1.36015
1.08005
1.01932
1.55534
1.12021
1.12021
2.06616
2.06616
1.3845
1.10332
1.10332
1.10332
0.160792
0.971647
0.971647
1.37178
1.39051
1.39051
1.39051
0.496361
0.496361
0.817566
1.54912
1.54912
1.37409
1.37409
1.34181
1.03634
0.826995
0.826995
0.826995
0.826995
0.826995
0.826995
0.932099
0.932099
0.932099
0.932099
0.932099
0.537164
0.676009
1.27659
1.65967
1.70609
1.70609
1.70609
1.70609
1.73558
1.73558
1.73558
1.24468
0.777579
0.722814
0.722814
1.59215
1.59215
1.26257
1.26257
1.26257
1.28047
1.03752
1.03752
1.03752
1.03752
1.12543
1.12543
1.12543
1.03417
1.03417
1.97693
1.57237
2.70264
3.07587
3.07587
2.69338
3.37084
3.37084
3.89295
4.74616
3.39644
3.39644
2.6363
2.6363
2.6363
2.02766
1.9475
2.43074
4.07741
4.07741
4.07741
4.08351
4.08351
4.63831
4.45973
4.45973
4.45973
4.45973
4.45973
3.66241
3.04941
3.04941
3.63925
3.71445
2.81296
2.19927
1.22914
1.14858
1.11729
1.08494
1.13569
1.13569
1.13569
1.13569
0.651861
0.651861
1.07511
1.07511
0.580322
0.580322
1.06805
1.25934
1.09581
1.43666
1.09919
1.09919
1.09919
1.3935
1.3935
1.04027
0.871658
0.871658
1.07199
1.07199
0.913063
0.798066
0.798066
0.798066
0.798066
0.798066
0.798066
0.891171
1.29822
1.06708
1.06708
0.545341
1.41841
1.41841
0.873583
0.873583
1.49837
2.1776
2.1776
2.76964
3.67487
2.63226
2.63226
2.63226
1.15445
1.15445
0.886773
0.886773
0.886773
0.886773
0.934781
0.975891
0.939493
0.670253
0.670253
0.670253
0.670253
0.670253
0.670253
0.856093
0.856093
