1.07391
1.48593
1.19426
1.44666
1.44666
1.44666
1.44666
2.18412
2.0779
2.43572
3.04429
2.88639
2.88639
2.4478
2.14952
2.14952
2.14952
2.14952
2.83248
3.06379
3.08167
3.81257
3.81257
3.81257
3.81257
3.86259
3.86259
4.06992
3.82132
2.10998
1.90132
1.53227
0.912694
1.80392
2.40605
2.29045
2.09227
2.09227
2.09227
2.09227
2.09227
2.09227
1.95745
2.43632
1.95313
1.95313
2.01322
2.50799
2.01662
2.01662
2.01662
1.45671
1.56478
1.56478
1.86962
1.72433
1.41885
1.41885
1.28291
1.72509
2.09745
1.19588
1.19588
2.19589
1.33238
0.656015
0.656015
0.656015
0.542281
0.542281
0.542281
0.542281
0.527873
0.527873
0.527873
0.527873
0.527873
0.527873
0.527873
0.527873
0.527873
0.527873
0.617793
0.561324
0.64751
1.00207
1.24115
1.24115
1.24115
0.882938
0.954095
0.954095
1.14253
1.14253
1.14253
1.14253
1.5457
1.5457
1.74427
1.74427
1.82767
1.82767
1.82767
1.24999
1.24999
1.24999
1.30424
1.30424
1.30424
1.30424
1.25589
1.19787
1.19787
1.28315
1.11057
1.14412
0.936572
0.936572
1.6731
1.6731
0.919692
0.919692
0.919692
0.919692
1.24368
1.24368
1.08006
1.08006
1.08006
1.08006
1.08006
1.75381
1.75381
1.53779
1.24895
1.24895
1.96483
2.80294
2.56279
2.56279
2.0517
2.0517
2.48999
2.47013
2.47013
2.37417
2.13143
2.13143
1.47384
0.738532
0.738532
0.738532
0.738532
0.738532
1.04413
1.04413
1.04413
1.16491
1.16491
1.11137
1.11137
0.989297
0.989297
0.989297
0.989297
0.989297
0.989297
0.989297
0.989297
0.911223
0.911223
1.20514
1.08306
1.08306
1.11143
2.23663
2.23663
2.76851
2.80584
2.47857
2.21074
2.92681
2.97799
3.04928
2.53448
2.53448
2.53448
2.53448
2.11226
2.50024
1.90379
1.90379
0.842441
0.842441
0.842441
0.842441
0.842441
0.842441
0.842441
1.29612
1.29612
1.29612
1.29612
1.29612
1.29612
1.11548
0.321138
0.321138
0.321138
0.321138
1.1406
0.715938
0.715938
0.88409
0.88409
0.88409
0.88409
0.872438
0.872438
0.872438
0.872438
0.754484
0.754484
0.754484
0.754484
0.754484
0.673565
0.689849
0.689849
1.37739
1.37739
1.37739
1.4787
1.94833
2.06217
2.06217
2.06217
1.73229
2.40325
2.40325
2.40325
2.40325
2.5915
1.96329
1.96329
1.96329
1.96329
1.96329
1.96329
1.96329
1.56063
2.39007
2.39007
2.39007
2.59498
2.59498
2.93725
2.93725
2.50616
2.46051
2.46051
1.88511
0.429702
0.429702
0.429702
0.429702
0.78345
0.78345
1.25601
1.46083
1.46083
0.891418
0.985909
0.985909
0.657056
0.657056
0.657056
0.789305
0.789305
0.789305
0.789305
0.923952
0.923952
1.20189
0.812251
0.812251
0.812251
0.812251
0.237839
0.237839
0.237839
0.237839
0.237839
0.765864
0.765864
0.765864
0.765864
0.765864
0.765864
0.765864
0.765864
0.765864
0.765864
1.04956
1.08366
1.08366
1.08366
1.33121
0.958451
1.76084
1.41236
1.51382
2.06104
1.46217
0.892383
0.892383
0.892383
0.892383
0.892383
0.892383
0.892383
0.892383
0.400887
0.400887
0.354474
0.354474
0.354474
0.482703
0.482703
1.14804
1.14804
1.38744
0.968322
0.973139
0.973139
0.973139
0.973139
0.973139
0.96113
0.96113
1.33908
1.33908
1.96954
1.6345
1.6345
1.5365
1.5365
1.55818
1.55818
0.857458
0.851691
0.736767
0.736767
0.736767
0.736767
0.736767
1.00066
1.00066
0.866385
0.866385
1.57454
1.57454
1.57454
1.57454
1.57454
1.57458
1.57458
1.22437
1.16137
1.15699
1.15699
1.39181
0.851924
0.345013
0.345013
0.345013
0.345013
0.345013
0.346617
0.346617
0.346617
0.346617
0.346617
0.346617
0.346617
0.629862
0.629862
0.629862
0.629862
1.29226
1.58089
1.58089
1.5948
1.5948
0.482796
0.482796
0.482796
0.724391
0.251945
0.251945
0.251945
0.251945
1.40478
0.927286
0.927286
0.927286
0.97348
1.08762
0.994282
0.821518
0.821518
0.95192
0.95192
0.95192
0.95192
0.417054
0.417054
0.417054
0.417054
0.449722
0.775338
1.26335
0.693606
0.693606
0.693606
1.17107
1.07628
1.07628
1.31123
1.31123
1.13827
1.13827
0.871973
2.24556
2.24556
2.00957
2.00957
0.99945
0.99945
0.99945
0.99945
1.20417
1.0238
1.0238
1.0238
0.92268
0.941882
0.941882
0.941882
0.941882
0.941882
0.941882
0.941882
0.941882
1.19481
1.19481
1.0355
1.0355
1.0355
1.0355
1.0355
0.504512
0.961794
1.78951
0.880001
0.880001
0.832611
0.127746
0.127746
0.127746
0.127746
0.127746
0.127746
0.127746
0.776919
1.25533
1.25533
1.25533
1.101
1.03327
1.03327
1.03327
1.03327
1.03327
1.60425
1.66055
1.66055
1.63373
1.63373
2.2484
2.2484
2.00576
2.00576
2.00576
1.80773
1.80773
1.80773
1.25346
1.11493
1.11493
1.11493
0.966405
0.966405
0.565107
0.942494
0.930864
0.930864
0.930864
0.930864
1.16388
1.16388
1.0154
1.0154
1.0154
0.658731
0.480911
0.480911
1.2988
0.951185
0.951185
1.05585
0.515948
0.515948
0.515948
0.940549
0.49096
0.49096
0.49096
0.49096
0.49096
1.04832
1.04832
1.46158
1.57213
1.57213
0.488777
0.488777
0.488777
0.488777
0.488777
0.488777
0.488777
0.920602
0.999156
0.567722
1.45385
1.45385
1.30498
0.226407
0.226407
1.48461
1.54046
1.54046
0.588111
0.588111
0.990051
0.990051
0.990051
0.990051
1.06638
0.759525
1.00126
1.00126
1.00126
1.57375
1.57375
0.815579
0.815579
0.815579
0.815579
0.815579
0.654281
1.73623
1.2264
1.2264
0.741358
0.741358
0.714565
0.714565
0.960988
0.888466
0.888466
0.985765
0.782754
0.782754
1.04149
0.971119
0.971119
0.971119
0.971119
1.03758
1.03758
1.03758
0.940241
0.545781
0.545781
0.957886
0.957886
1.37877
0.706059
0.706059
0.689654
0.782176
0.715682
0.715682
0.715682
0.445167
0.445167
0.187235
0.187235
1.13087
1.02354
1.3107
1.3107
0.642852
0.252628
0.252628
0.400611
0.400611
0.400611
0.400611
0.400611
0.400611
0.753963
0.753963
1.04565
1.04565
1.74534
1.74534
2.10463
1.98186
1.13081
1.13081
1.07331
1.15661
1.15661
1.15661
0.873144
0.873144
0.873144
0.966295
1.25133
0.508385
1.04505
0.775459
0.775459
1.21254
1.23663
1.15836
1.67825
1.67825
1.95524
2.47057
2.46961
2.43377
2.43377
2.19414
3.28422
3.86933
3.86933
3.86933
3.86933
3.85336
3.85336
3.61955
3.49577
3.49577
2.81126
2.81126
2.81126
2.27618
0.546454
0.546454
0.591942
1.21162
0.69769
0.799905
0.799905
0.799905
0.687826
0.829655
0.687613
0.941608
1.49248
1.49248
1.25348
0.959914
0.959914
0.959914
0.959914
1.1923
1.1923
0.617634
0.617634
0.596987
0.596987
0.739544
0.739544
0.739544
0.852725
0.852725
0.852725
0.582008
0.870079
0.365089
0.365089
0.930303
0.79095
1.11142
1.16189
1.16189
1.29658
1.48434
1.48434
1.48434
1.821
1.821
1.821
1.821
1.821
1.821
1.33199
1.33199
0.993239
2.23962
2.23962
1.56461
1.3155
1.3155
1.3155
1.3155
1.32289
1.71978
1.79876
2.49349
2.01603
2.38877
1.5074
1.49234
1.61294
1.61294
1.61294
1.61294
1.22975
1.60276
2.10125
1.44703
1.13729
1.13729
1.13729
1.13729
1.13729
1.13729
1.13729
1.39521
1.39521
1.48829
1.48829
2.09971
1.86484
1.53037
1.53037
1.04135
1.04135
1.04135
1.04135
1.27574
1.50901
2.68533
2.65445
2.65445
2.94405
2.94405
2.94405
2.253
1.80768
1.47806
1.47806
0.842993
1.36811
1.10636
0.486281
0.486281
1.07773
0.719071
0.719071
0.719071
0.719071
0.719071
0.553855
0.553855
1.03798
1.03798
1.03798
0.68226
0.68226
0.957804
0.957804
0.247141
0.755991
0.755991
0.755991
1.29838
1.29838
0.98885
0.98885
1.30204
1.30204
1.30204
1.30204
1.30204
1.30204
1.30204
1.50963
1.37207
1.25327
1.53609
0.865793
0.65924
0.65924
0.65924
0.856793
0.856793
1.22384
1.02052
1.64541
1.64541
1.64541
1.22969
1.22969
0.637395
1.29839
1.29839
1.24077
1.24077
1.03425
1.03425
1.34358
1.34358
1.34358
1.34358
1.66576
1.78128
1.20833
1.20833
1.18782
1.22349
1.87728
1.73862
1.73862
1.73862
1.73862
1.87497
1.87497
2.02785
2.02785
2.02785
2.87801
3.00976
2.71843
2.71843
2.23839
1.62485
1.62485
1.62485
2.55024
2.63758
1.87849
1.87849
1.81994
1.81994
1.81994
1.55125
1.13207
2.04111
2.88861
2.2142
2.2142
1.26755
1.26755
1.24057
1.89005
1.89005
1.58073
2.20987
1.74015
1.74015
1.74015
1.72348
1.72348
1.72348
1.72348
1.49839
1.49839
1.49839
1.4175
0.975886
0.975886
0.975886
0.975886
0.28312
0.28312
0.28312
0.28312
0.94341
1.943
0.928584
0.928584
0.928584
1.21122
1.14498
1.14498
1.14498
1.14498
1.14498
1.45892
1.45892
0.741961
0.50614
0.50614
0.50614
0.50614
0.50614
0.50614
1.38546
0.838106
0.871883
0.871883
1.05709
1.0301
1.42868
1.23389
1.23323
1.23323
1.23323
1.31426
1.05407
1.05407
1.16169
1.16169
1.14125
1.14125
1.57737
1.57737
1.1898
0.960337
0.960337
0.960337
2.36928
2.3259
2.6514
2.6514
2.44168
2.75677
1.79835
1.79835
1.79143
1.79143
2.0777
2.05565
1.92589
1.25674
1.57509
1.57509
1.31
1.01921
1.01921
1.12199
1.10943
1.10943
1.10943
1.24462
1.24462
0.813923
0.813923
0.813923
0.813923
0.813923
1.93936
0.620646
1.37267
1.42015
2.16142
2.16142
2.16142
1.54397
1.54397
1.54397
1.54397
1.54397
1.1576
1.1576
0.943071
0.655034
1.92159
1.55865
1.55865
1.03272
0.681156
0.681156
0.646198
0.646198
0.646198
0.646198
0.716356
0.716356
1.54151
2.09484
2.09484
2.09484
1.53298
1.77209
1.77209
1.7127
0.979207
0.67343
0.67343
1.92808
2.02894
2.54676
2.54676
2.41354
1.63758
1.63758
1.62045
1.62045
1.95711
1.07122
1.07122
1.07122
1.07122
1.53769
1.62696
2.38002
2.38002
1.98919
1.98919
1.98919
1.98919
1.98919
1.98919
1.98919
1.95839
1.95839
2.08785
2.05941
1.38239
1.38239
1.38239
1.38239
1.17779
1.82307
1.10555
1.10555
1.58931
1.58931
1.58931
1.58931
1.58931
0.448077
0.682794
0.682794
0.682794
0.682794
0.682794
1.03959
1.03959
1.03959
1.03959
1.03959
1.03959
1.0198
0.75587
0.969827
0.969827
0.814578
0.814578
0.814578
0.904934
0.904934
0.904934
0.904934
1.12674
1.12674
1.12674
1.14032
0.80876
0.80876
1.72165
1.99562
1.6678
1.40093
1.40093
1.40093
0.691233
0.738834
0.738834
0.738834
0.738834
0.888176
0.888176
0.888176
0.888176
0.888176
0.888176
0.888176
0.888176
0.888176
0.888176
0.888176
0.449767
0.449767
0.449767
0.449767
0.449767
0.449767
0.449767
0.449767
1.22993
1.11397
1.30675
1.30675
0.912849
0.912849
0.912849
0.696981
0.696981
0.696981
0.696981
0.696981
0.696981
0.696981
0.696981
0.696981
0.731082
0.731082
0.599733
0.599733
0.930265
0.756848
1.2919
1.91376
1.91376
2.09615
2.09615
2.09615
2.23051
2.37387
1.32833
1.3683
1.3683
0.973068
0.973068
0.973068
0.973068
0.973068
0.973068
1.71535
1.20579
1.20579
1.20579
1.20579
1.20579
1.20579
1.20579
1.20579
1.02432
1.02432
1.02432
1.02432
1.02432
0.765581
0.765581
0.765581
0.765581
0.809989
1.60253
2.70704
3.23141
3.19291
3.19291
1.99478
1.01042
1.01042
1.01042
0.916578
0.830805
0.830805
0.337659
0.337659
1.76479
1.74272
1.74272
1.95069
1.72342
1.72342
1.72342
1.72342
1.72342
1.72342
0.967438
1.02016
1.02016
0.985165
0.985165
0.985165
2.16466
2.20245
2.20245
2.20245
1.99513
1.62433
1.62433
1.67565
1.67565
1.67565
0.618583
0.618583
0.618583
0.802741
0.802741
0.461878
0.983605
1.09529
1.19485
1.19485
1.19485
1.19485
1.19485
1.32396
1.32396
1.32396
1.27697
1.35511
1.35511
2.01891
2.01891
2.01891
2.01891
2.01891
2.01891
2.01891
1.72356
1.41678
1.86068
1.86068
1.84766
2.14283
2.14283
2.14283
1.55949
1.48865
0.980571
0.980571
0.980571
0.980571
0.691866
0.691866
0.691866
0.691866
0.691866
0.708419
0.858908
0.858908
0.858908
0.858908
0.858908
0.858908
1.43182
1.43182
2.34077
2.30085
1.15897
0.894859
0.894859
0.894859
0.677292
0.677292
0.677292
1.25012
1.25012
1.25012
1.26389
1.26389
1.01987
1.01987
1.00525
1.21887
1.21887
1.21887
1.21887
1.74559
1.13239
1.13239
1.13239
1.13239
1.13239
1.13239
1.13812
0.622516
1.1936
1.56147
2.20094
2.20094
2.92082
2.92082
2.92082
2.92082
2.2663
2.2663
2.14781
2.14781
2.59468
2.59468
2.59468
2.59468
2.54703
2.54703
2.44086
2.44086
2.44086
2.23219
1.44025
1.44025
1.44025
1.44025
1.32256
0.811376
0.493189
0.493189
0.493189
1.10058
1.29713
1.51368
1.51368
1.45862
2.06948
2.07157
2.07157
2.28283
1.82544
2.08576
2.50678
1.74445
3.03869
2.90899
2.90899
2.90899
2.90899
2.90899
3.29568
3.29568
3.29568
3.85247
3.93641
4.26149
4.44024
4.79587
4.86522
4.75785
4.75785
4.73617
4.73617
4.73617
4.73617
4.73617
4.3154
4.3154
4.3154
4.3154
4.3154
4.41871
4.46505
4.46505
3.14318
2.26374
2.46512
2.2467
2.2467
1.12269
1.33778
1.33778
1.10642
0.839965
0.839965
0.839965
0.839965
0.839965
0.839965
1.06
1.08423
1.08423
1.08423
1.08423
1.08423
1.56042
2.68539
3.24691
3.38871
3.38871
3.38871
2.28675
2.28675
2.53015
2.13503
1.97066
1.97066
1.72981
1.72981
1.93595
1.77009
1.35024
0.822111
0.822111
0.849169
0.849169
2.4399
2.4399
2.4399
2.673
2.673
3.06912
3.02856
3.00579
3.00579
3.00579
3.00579
3.0938
3.00493
3.48702
3.48702
3.5889
3.5889
3.5889
3.82657
3.97285
3.74662
3.74662
3.81155
3.53201
2.96378
2.96378
2.96378
2.55222
3.27583
3.07763
3.07763
3.53007
4.04987
4.42642
4.70888
4.70888
4.37082
3.60431
3.60431
3.70017
4.52059
3.74075
2.22196
2.36171
1.84195
1.97509
2.52916
2.24848
2.36793
2.34005
2.34005
2.34005
1.49214
1.49214
1.39699
0.481764
0.481764
0.481764
0.730793
1.75908
1.92559
2.76562
1.84749
1.96239
1.95631
1.00485
1.43626
1.46753
1.37871
1.37871
1.15734
1.15734
1.15734
1.15734
1.15734
1.15734
1.2001
1.72161
0.688277
0.635557
0.635557
0.635557
0.635557
0.782464
0.782464
0.782464
0.782464
1.42321
1.42321
0.787989
0.92372
0.92372
0.92372
0.951109
0.951109
2.02681
2.1949
2.37318
1.93969
1.7234
2.31651
3.12946
2.27479
2.27479
2.27479
2.27479
1.89817
1.89817
0.828155
0.828155
0.472155
0.472155
0.472155
0.811477
0.732607
0.732607
0.732607
0.732607
1.77789
1.77789
1.77789
2.12169
1.45006
1.39187
2.35832
2.35832
2.27371
2.27371
2.27371
2.27371
2.27371
2.27371
1.6895
0.515103
0.797581
1.32283
1.32283
0.953553
1.05004
1.05004
1.67631
1.67631
1.67631
1.67631
1.67631
1.57694
1.57694
1.57694
1.25022
1.31042
1.42293
1.40831
1.40831
1.40831
1.40831
1.40831
0.491988
0.491988
0.491988
0.491988
0.491988
0.491988
0.491988
0.491988
0.491988
0.793481
1.13969
1.13969
1.30925
0.686476
0.686476
0.686476
0.646045
0.646045
0.646045
0.547318
0.547318
0.547318
0.547318
0.547318
0.547318
0.547318
0.731627
0.731627
0.731627
0.731627
0.885532
0.885532
0.885532
0.885532
0.836708
0.836708
0.680904
0.680904
0.680904
0.680904
0.680904
2.08671
2.71062
2.85431
3.08372
3.08372
2.51741
2.51741
3.09384
3.18971
2.14535
2.14535
2.40907
1.93917
2.20316
1.51613
1.51613
0.72187
1.06748
1.06748
1.06748
1.06748
1.06748
1.06748
0.522563
1.11122
1.11122
1.11122
1.03502
1.03502
0.920687
1.04831
1.04831
1.22753
1.28383
1.18127
1.53131
1.53587
1.53587
1.53321
1.90922
1.00538
0.827561
1.05081
0.683175
0.683175
0.683175
0.683175
0.683175
0.683175
0.683175
0.892457
0.892457
1.16746
1.42646
1.78457
1.78457
1.78457
1.5913
0.960746
0.960746
0.960746
0.960746
0.960746
1.53412
1.53412
1.53412
1.53412
1.1817
1.49711
1.49711
1.61832
1.61832
1.28865
0.352659
0.352659
0.352659
0.358763
0.77591
0.977722
0.569937
0.569937
0.569937
0.569937
0.569937
0.623958
0.623958
0.623958
0.623958
1.19231
1.21528
0.783938
0.783938
0.783938
0.783938
0.853999
0.220793
0.220793
1.40289
1.40289
1.40289
0.694757
0.694757
0.694757
0.694757
0.694757
0.89312
1.31606
1.33737
1.28361
1.28361
1.28361
1.71611
1.69683
0.697873
0.706056
0.816591
0.816591
0.122493
0.122493
0.122493
0.122493
0.122493
0.538723
0.451611
0.557996
0.557996
0.308776
0.308776
0.308776
0.308776
0.450237
0.450237
0.562077
0.769819
0.769819
0.769819
1.04613
0.882494
1.81187
2.40287
2.40287
2.40287
2.40287
2.81389
2.72331
2.25083
2.35184
1.83453
1.7964
0.994055
0.994055
0.994055
0.482383
0.55745
0.55745
1.27711
1.27711
1.27711
1.27711
1.27711
1.27711
1.91942
1.52024
1.52024
1.52024
1.5275
0.930164
2.40217
2.40217
2.40217
2.81908
3.50164
3.47953
3.47953
1.68292
2.14865
2.1652
2.45972
1.72128
1.72128
1.72128
1.72128
1.72128
1.72128
1.7162
0.898789
0.898789
0.898789
0.898789
1.17867
1.17867
1.05888
1.05888
1.05888
1.58915
1.37039
2.05027
1.58302
1.46414
0.951709
0.951709
1.03079
1.03079
0.220534
0.220534
0.220534
0.220534
0.439644
0.481546
0.481546
0.481546
0.481546
1.44469
1.44469
2.74921
1.56701
1.28824
1.28824
1.22703
0.687913
1.05354
1.05354
1.05354
1.13494
0.397385
0.397385
0.397385
1.59888
1.59888
1.9518
2.26913
2.26913
2.26913
2.26913
2.36898
2.36898
2.36898
2.36898
1.38467
1.38467
1.37936
1.37936
1.37936
1.37936
1.37936
1.49717
1.60529
1.67528
2.90292
1.8803
1.8803
2.19589
1.59908
1.77722
1.93845
0.429698
0.429698
0.389851
1.22566
1.22566
1.49772
2.40246
2.40246
2.29295
2.29295
2.46125
2.21035
2.21035
2.21035
2.13818
2.13818
2.13818
2.13818
2.13818
1.41272
1.72121
1.72121
1.72121
1.72121
0.965741
1.38444
1.38444
1.62132
1.62132
0.823921
0.823921
0.823921
0.823921
0.823921
1.45916
1.73898
1.53668
1.53668
1.61754
1.61754
1.23411
0.732474
0.732474
0.712444
0.712444
0.712444
0.712444
0.712444
0.712444
0.781679
0.781679
0.781679
0.781679
1.10855
1.23207
1.23207
1.23207
1.30316
1.52248
1.52248
1.52248
1.84408
1.84408
1.84408
1.26069
1.26069
0.330753
0.632548
0.632548
0.632548
0.632548
0.67064
0.845359
0.845359
0.729902
0.729902
1.77289
1.77289
1.52292
2.57657
2.57657
2.37006
2.37006
2.37006
2.65193
2.65193
2.3596
2.58704
2.58704
2.58704
2.84142
1.94179
2.66123
2.66123
2.43771
2.43771
2.38047
1.69269
1.03742
1.03742
1.98634
1.41603
2.03112
1.37263
0.501136
0.501136
0.501136
0.300247
0.300247
1.09458
0.866174
0.866174
0.866174
0.866174
1.84796
1.9243
1.63738
1.63738
1.9062
1.9062
2.10712
1.75751
1.75751
1.45217
2.08324
1.52507
1.52507
1.52507
1.52507
1.17854
1.17854
1.31361
1.31361
1.31361
1.31361
1.31361
2.00454
2.02118
1.51168
1.51168
2.10628
1.97116
2.40075
1.79196
2.19969
2.19969
2.19969
2.19969
2.19969
2.29824
2.28301
3.27045
2.1079
2.04092
0.422032
0.422032
0.422032
0.422032
0.422032
0.422032
0.422032
0.422032
0.422032
0.714321
1.03565
1.63509
1.63509
1.77234
1.77234
1.12956
1.12956
1.12956
1.12956
1.12956
1.12956
1.12956
1.10337
1.35022
1.02752
0.912558
0.912558
1.01056
1.01056
1.01056
0.482238
0.482238
0.482238
0.482238
0.482238
0.482238
0.482238
0.482238
0.482238
0.482238
0.482238
0.482238
0.482238
0.482238
0.482238
0.553758
1.20967
0.258495
0.258495
0.258495
0.258495
0.258495
0.258495
0.258495
0.948189
0.948189
0.948189
0.948189
1.92324
2.30823
2.40477
2.6648
2.63341
2.35622
2.35622
3.12124
2.35089
1.15306
1.15306
1.50906
1.50906
1.50906
2.10196
1.90091
1.38236
1.27788
1.89375
1.89375
2.00951
1.58793
1.58793
1.58793
1.89612
1.89612
1.7343
1.6206
1.16967
1.92706
1.92706
1.83162
1.34929
0.494486
0.458705
0.458705
0.279681
0.279681
0.279681
0.279681
0.938412
1.02721
1.02721
0.608668
0.608668
0.740385
1.06484
0.9377
0.445817
0.805663
0.805663
0.805663
0.805663
0.805663
0.805663
0.805663
0.805663
1.463
1.21418
1.70977
1.24334
0.696639
0.696639
0.696639
0.339706
0.339706
0.339706
0.339706
0.339706
0.339706
0.339706
1.11867
0.768186
0.768186
0.91009
0.91009
0.91009
0.80716
0.80716
0.80716
0.80716
0.80716
0.80716
0.80716
0.80716
0.80716
0.80716
0.80716
0.668805
0.642884
0.948903
1.15665
1.15665
1.15665
1.15665
1.15665
1.04193
1.11659
1.11659
1.55505
1.55505
1.55505
1.55505
1.422
1.89111
1.89111
1.5749
1.5749
2.09505
2.09505
2.09505
2.2168
1.96057
1.80588
1.80588
1.80588
0.707952
0.707952
0.707952
0.707952
0.707952
0.576971
0.57632
0.745841
0.745841
0.745841
0.745841
0.745841
0.745841
0.932592
0.932592
0.932592
0.932592
0.932592
0.932592
2.17835
2.68123
2.68123
2.98514
2.5042
1.90657
1.90657
1.90657
1.66342
1.55631
1.09311
0.483867
0.804162
0.391948
0.391948
1.06543
1.63102
0.805301
0.805301
0.658549
0.658549
0.502643
0.502643
0.502643
0.502643
0.502643
0.659353
0.659353
0.659353
0.659353
0.659353
0.659353
0.659353
0.659353
0.659353
0.659353
0.659353
1.07964
1.44219
1.44219
1.07661
0.621444
0.621444
0.621444
0.621444
0.548844
0.548844
0.648049
0.767876
0.767876
0.767876
1.67444
1.67444
1.67444
1.67444
1.14151
1.14151
1.14151
2.04388
2.04902
2.03207
2.03207
2.2546
2.7943
2.7943
2.48253
2.48253
2.48253
2.48253
2.48253
2.4907
2.4907
2.4907
2.88217
2.58036
2.34468
1.8545
2.5693
2.5693
1.70435
1.56751
1.56751
1.31534
1.31534
1.31534
1.23008
1.23008
1.23008
1.06233
1.06233
1.06233
1.06233
1.06233
1.06233
1.06233
1.22306
1.22306
1.3138
1.20964
1.20964
1.20964
1.20964
1.43571
1.43571
1.43571
1.43571
1.5161
1.5161
1.15869
1.15869
1.17736
0.694991
0.694991
0.694991
0.694991
1.50903
1.6536
1.6536
0.670905
0.97594
0.789186
0.789186
0.789186
0.789186
0.789186
1.14434
1.14434
0.291068
0.291068
1.19422
1.56756
1.56756
1.59058
1.59058
1.59058
1.59058
1.59058
1.59058
2.4281
2.64806
2.64806
2.64806
2.64806
2.66583
2.66583
2.71774
2.71774
2.71774
1.39571
1.39571
1.39571
0.731345
0.499449
0.499449
0.499449
0.499449
0.499449
0.499449
0.499449
0.499449
0.717482
0.676442
0.676442
0.676442
0.676442
0.676442
0.676442
0.676442
0.871702
0.84958
0.518802
0.518802
0.518802
0.518802
0.846226
1.31484
1.31484
0.912374
0.912374
0.705023
1.22585
2.20117
1.42059
1.42059
1.42059
1.76821
1.54513
1.50985
0.695579
0.695579
0.688052
1.2691
1.2691
1.2691
1.40271
1.27358
1.27358
1.40405
1.88782
1.88782
1.88782
1.53277
1.32981
1.32981
1.45409
1.45409
1.447
0.929756
0.929756
0.929756
2.08582
2.08582
2.08582
2.31275
2.31275
2.08452
2.0892
1.52731
1.87185
1.93246
1.93246
1.93246
1.93246
0.994069
0.978741
0.978741
0.978741
0.978741
1.40931
1.40931
1.40931
1.87136
2.23215
1.77169
1.77169
1.85775
1.96494
1.89157
1.89157
1.89157
1.89157
1.93128
1.5342
1.5342
1.49492
1.10961
0.455924
0.455924
0.455924
1.07056
0.898866
0.898866
0.898866
1.07238
1.07238
1.07238
0.74089
0.330113
0.330113
0.596688
0.714973
0.714973
0.714973
0.714973
1.71183
1.95801
1.84716
1.34449
1.34449
1.34449
1.34449
1.07861
1.23083
1.23083
1.8495
2.62922
2.62922
2.62922
2.62922
2.16851
2.16851
2.16851
2.16851
2.87853
2.87853
2.87853
2.45223
2.45223
2.45223
2.45223
1.79355
1.79355
1.75336
0.683589
0.683589
0.683589
0.683589
0.683589
0.311727
0.311727
1.09073
1.09073
1.18111
1.68824
1.68824
1.68824
1.68824
1.85328
1.87819
2.11142
0.694208
1.11853
1.42521
1.42521
1.42521
1.22574
0.74087
1.13326
1.13326
0.905823
1.70348
1.70348
1.70348
1.29785
0.878381
1.14098
1.14098
1.14098
1.14098
0.931253
1.27391
1.21959
1.09454
1.18178
1.18178
1.18178
0.979342
0.979342
0.775837
0.775837
0.775837
0.775837
0.775837
1.41642
1.41642
1.49932
1.55434
1.55434
1.55434
1.55434
1.28644
0.976022
0.976022
1.30796
1.10546
1.10546
1.10546
0.652805
0.652805
0.845108
0.845108
0.845108
0.969294
0.969294
0.969294
0.969294
0.969294
0.969294
1.0078
1.0078
1.1904
0.921446
0.76962
0.76962
0.76962
0.76962
0.76962
0.76962
0.76962
0.76962
1.11989
1.11989
1.11989
2.04832
2.04832
2.61084
3.40824
3.00991
2.33188
2.33188
2.2675
1.96872
2.82083
1.84678
1.33021
1.33021
1.33021
1.33021
1.33021
1.20303
1.11752
1.14671
1.14671
1.04294
1.04294
1.04294
1.04294
1.04294
1.74308
1.74308
1.84601
1.84601
1.93071
1.93071
1.67034
1.67034
1.6408
2.11395
2.11395
2.11395
1.45966
1.33042
1.33042
1.33042
1.33042
1.33042
1.33042
0.994206
1.30168
1.30168
1.30168
1.30168
1.30168
1.30168
1.30168
1.42517
1.90907
1.90907
1.90907
1.90907
1.90907
1.69583
0.561023
0.561023
0.561023
0.561023
0.561023
0.561023
0.561023
1.01783
1.01783
1.01783
1.01783
1.01783
1.01783
1.2481
1.2481
1.73009
0.978142
0.822589
1.3338
1.81594
1.35958
1.35958
1.35958
2.4584
2.4584
2.4584
2.4584
1.40583
1.40583
1.83513
2.05462
1.93656
1.93656
1.86917
1.70218
1.70218
1.58472
0.67895
0.67895
0.90955
0.90955
0.90955
0.90955
1.29804
1.12388
1.3521
1.78104
1.78104
1.78104
0.721197
0.974586
0.974586
0.974586
1.34954
1.34954
1.34954
0.333984
0.333984
0.577827
0.398423
0.161709
0.161709
0.161709
0.161709
0.161709
0.895277
0.895277
0.895277
1.38095
0.593791
0.593791
0.593791
0.873246
0.873246
0.873246
0.873246
0.418982
0.674987
1.05169
1.55866
1.55866
1.55866
1.82944
1.14061
1.14061
1.14061
1.89772
1.40174
1.46646
1.46646
0.844246
0.844246
0.844246
0.844246
1.47737
0.655465
0.626092
0.626092
1.23412
1.23412
1.23412
1.69465
1.69465
1.48459
1.48459
2.05215
2.05215
2.05215
2.05215
2.42907
2.42907
2.42907
2.42907
2.42907
2.42907
2.42907
2.42907
2.58983
3.00981
3.00981
2.13325
1.54377
1.77749
1.77749
1.55182
1.55182
1.55182
1.35735
1.35735
1.03594
1.52083
1.52083
1.52083
1.52083
1.135
0.997086
0.997086
0.997086
0.997086
1.8511
1.8511
1.8511
1.8511
1.07166
1.07166
1.07194
0.905819
0.713452
0.713452
1.04518
0.757562
0.757562
0.920246
0.920246
0.920246
0.920246
0.760819
0.760819
0.971073
0.971073
1.41549
1.41549
1.41549
0.932701
1.1384
0.676444
0.704021
1.84754
1.70731
2.1132
2.1132
1.55666
2.06102
1.17018
1.74126
1.79173
1.79173
1.79173
1.79173
1.40236
1.40236
1.28772
2.21345
2.21345
2.21345
2.21345
2.52391
1.2582
1.2582
1.2582
1.8279
1.7838
1.7838
1.7838
1.7838
2.01335
1.72211
1.90134
1.90134
2.76366
1.63496
1.63496
1.63496
1.63496
1.63496
1.63496
1.63496
2.15129
1.27772
1.27772
1.27772
1.27772
1.27772
1.27772
1.27772
1.27772
1.27772
1.97173
1.76062
1.76062
1.76062
1.76062
1.76062
2.14096
2.14096
2.14096
2.14096
0.914973
0.914973
0.914973
0.914973
0.914973
0.914973
0.914973
0.914973
0.914973
0.907539
0.920517
1.35248
1.35248
1.10564
1.10564
1.50255
1.86665
1.86665
1.86665
1.88594
2.15746
2.08048
2.1166
1.8087
2.06653
3.62544
3.62544
3.15174
3.15174
3.15174
3.15174
3.15174
3.15174
3.15174
3.37112
3.67972
3.11603
2.25137
1.7348
1.89289
1.40033
1.42118
1.42118
1.42118
1.80784
1.54186
1.43174
1.22086
1.22086
0.679816
0.679816
0.902771
0.902771
1.10659
0.880791
1.06316
1.30328
1.30328
0.803389
0.803389
0.803389
0.962025
1.30259
0.576476
0.783254
0.783254
0.783254
0.783254
0.783254
0.783254
0.898308
2.11573
2.01965
1.96895
1.96895
1.96895
1.30087
1.30087
1.30087
1.30087
1.30087
1.30087
0.739844
0.480959
0.480959
1.47923
1.47923
1.47923
1.47923
1.97496
1.09106
1.09106
1.09106
0.90216
0.547865
1.04453
1.04453
1.29301
1.40465
0.908252
0.908252
0.716072
0.716072
0.716072
0.716072
0.716072
0.716072
0.716072
0.716072
0.716072
0.716072
0.764922
0.764922
0.764922
1.0241
1.0241
0.950924
0.950924
0.950924
0.950924
0.950924
0.654074
0.654074
0.654074
0.862051
0.862051
1.18077
1.14762
0.979
0.979
0.979
0.979
0.584319
0.584319
1.9962
1.6831
2.05572
2.16776
2.16776
2.29565
2.29565
2.29565
2.38118
2.38118
2.38118
2.62358
2.40792
2.19725
2.19725
2.19725
2.1941
2.1941
2.1941
2.1941
2.1941
2.42082
1.21933
1.21933
1.21933
1.25631
2.40265
2.00082
2.00082
2.00082
2.06632
2.06632
2.06632
2.06632
2.06632
2.06632
2.06632
2.06632
2.31139
2.40804
2.40804
2.03097
1.97855
1.97855
1.74687
1.85557
1.85557
2.24366
1.55904
2.34385
2.34385
2.34385
1.27985
1.31462
1.31462
1.60448
1.61244
1.61244
1.61244
1.94064
1.94064
1.20541
1.20541
1.44662
1.44662
1.44662
1.62551
1.62551
1.62551
0.821885
0.821885
0.821885
0.339842
0.339842
0.339842
0.339842
0.339842
0.339842
0.71552
0.617641
0.617641
0.617641
0.660575
0.660575
0.511223
0.511223
0.511223
0.511223
0.511223
0.511223
0.511223
0.511223
0.511223
0.511223
0.511223
0.511223
0.511223
0.511223
0.511223
0.511223
0.511223
0.511223
0.511223
0.641887
0.961193
2.27679
2.65821
2.65821
2.65821
3.44
4.01137
3.50212
2.16067
2.59272
2.31319
2.78802
2.14322
2.14322
2.14322
2.38129
2.38129
2.05026
1.22977
1.19861
1.17802
1.17802
1.02488
1.19171
1.19171
1.78287
0.979619
1.36792
1.63845
1.63845
1.63845
1.63845
1.63845
0.987202
0.987202
2.40236
3.02145
3.27834
1.96384
1.96384
1.07032
1.07032
1.07032
1.07032
1.07032
0.613482
0.475945
0.475945
0.475945
0.475945
0.475945
0.475945
0.475945
0.475945
0.475945
1.22479
2.25349
2.25349
2.25349
2.25349
2.25349
2.25349
2.44294
2.01274
2.01274
2.01274
2.87432
1.9959
2.16707
2.16707
2.14901
2.14901
2.17288
1.99352
1.93346
1.93346
1.93346
1.93346
1.93346
2.09751
2.09751
2.07918
2.07918
2.1675
2.25646
2.25646
2.28943
2.00659
2.00659
2.4845
2.4845
2.4845
1.69612
1.69612
1.7832
1.91491
1.91491
1.66407
1.71187
0.848946
0.848946
0.848946
1.15857
1.15857
1.43916
1.43916
1.43916
1.43916
1.78737
1.04707
1.55025
1.55025
1.55025
1.55025
1.55025
1.16207
1.40632
1.43358
1.43358
1.7503
1.7503
1.16216
0.439012
0.439012
0.439012
0.34762
0.34762
0.34762
0.34762
0.34762
0.34762
0.34762
0.34762
0.34762
0.34762
0.34762
0.34762
0.34762
0.785315
1.37985
1.37985
1.77716
1.65953
1.65953
1.65953
2.20589
1.67622
1.04874
1.1362
1.1362
1.1362
1.1362
1.1362
1.1362
0.865098
0.865098
0.865098
1.00624
1.43188
0.85963
0.85963
1.66825
1.66825
1.58539
1.52638
1.5923
1.72553
1.72553
2.0833
1.8066
2.44202
1.25243
1.25243
1.25243
1.25243
1.25243
1.25243
1.25243
1.76585
2.73574
0.974486
0.974486
1.52594
1.43508
1.43508
1.86315
1.38277
1.38277
1.19475
1.19475
1.19475
1.19475
1.22923
1.21299
1.91617
1.75656
1.50819
1.50819
1.66782
1.74246
1.74246
1.53631
0.474845
0.474845
0.474845
0.474845
0.474845
0.474845
1.68598
1.82327
1.43509
1.61423
1.61423
1.61423
1.61423
1.61423
1.80386
1.41459
1.41459
1.56054
1.16882
1.78373
1.35849
1.35849
1.27471
1.06148
0.687692
0.687692
0.687692
0.596276
0.596276
1.31754
1.50816
1.50816
3.05793
3.78214
3.06258
3.06258
2.44429
2.8242
2.8242
2.8242
2.2742
2.2742
0.888999
0.888999
0.888999
0.888999
1.32766
1.32766
2.44885
2.44885
2.42789
2.42789
2.51812
2.51812
2.51812
2.83697
2.83697
2.83697
2.37963
2.37963
2.19815
2.19815
2.19815
2.34849
2.93414
2.93414
3.24759
3.97706
3.27458
3.27458
3.53636
3.53636
3.40016
3.40016
3.48939
3.48939
3.99374
3.97312
2.59989
1.88997
1.409
1.409
1.67787
1.67787
0.764629
0.764629
0.338033
0.338033
0.338033
0.338033
0.338033
0.338033
0.338033
0.338033
0.338033
0.338033
0.363857
0.363857
0.50706
0.50706
0.50706
0.349853
1.19424
1.47335
1.58405
1.74775
1.74775
1.49726
1.34566
1.74794
1.41764
1.48638
1.48638
1.82141
1.38775
1.56638
1.56638
1.56638
1.77136
1.77136
1.77136
1.28812
1.88503
2.14392
2.14392
2.06657
2.06657
2.06657
1.69756
1.67661
1.84647
2.32241
2.32241
2.32241
2.73295
2.97757
2.97757
2.83987
2.49494
2.49494
2.49494
2.49494
2.49494
2.67199
2.67199
2.58602
3.63965
3.63965
3.60457
3.60457
3.60457
3.51294
2.90379
2.90379
2.85197
2.81518
2.35937
2.65177
2.65177
2.23117
2.31488
2.5419
2.89899
3.02159
3.02159
3.60918
3.60918
3.40191
3.40191
3.59701
2.99374
1.18818
1.18818
0.86858
0.86858
0.86858
0.86858
0.867596
0.867596
0.867596
1.72754
1.72754
1.08896
1.08896
1.40474
1.23947
1.53374
1.53374
1.5034
1.5034
1.50206
1.55462
1.75977
1.3946
1.3946
1.609
1.609
1.609
1.1966
1.1966
1.49977
2.14605
2.14605
1.27521
1.27521
0.899345
1.6237
1.52194
1.52194
1.60442
1.60442
1.52895
1.52895
1.98858
1.99731
1.99731
2.06051
1.74084
1.47128
1.54996
1.48391
1.48391
1.48391
0.829654
0.829654
0.763741
0.763741
0.763741
1.4411
1.4411
1.09679
0.633381
1.10827
0.836087
0.836087
0.836087
0.836087
1.275
1.26735
1.72583
1.30968
1.30968
1.36223
1.36223
1.36223
1.36223
1.36223
1.05656
1.05656
1.05656
1.30536
1.38123
0.660198
1.66933
1.76849
1.76849
2.16742
1.4146
1.72162
0.9392
0.923258
0.923258
0.923258
0.713046
0.713046
0.713046
0.713046
0.713046
0.713046
0.713046
0.713046
1.24166
1.24166
1.24634
0.854184
0.832742
0.832742
0.832742
0.832742
0.832742
0.832742
1.06954
1.14027
1.14027
1.14027
1.04277
1.04277
0.687091
0.687091
1.08385
2.16119
2.16119
2.16119
2.16119
2.16119
2.00292
2.00292
1.25941
1.25941
1.25941
1.25941
2.13918
2.13918
2.07725
2.07725
1.31841
1.31841
1.31841
1.12228
1.31571
1.31571
1.86692
1.56305
1.56305
1.56305
1.56305
0.814962
0.809976
0.760644
0.803728
0.803728
0.803728
0.975793
0.975793
0.975793
1.31787
1.55124
1.55124
1.55124
2.52986
2.5417
2.5417
2.02642
2.02642
2.24793
2.24793
2.38822
2.38822
2.06946
2.35587
2.35587
2.22948
1.63754
2.74051
2.74051
2.04941
2.02155
2.86529
2.78727
2.04502
2.48384
2.48384
2.48384
2.0907
2.0907
2.0907
2.55043
2.37816
2.37816
2.42819
2.14918
2.22369
1.96751
1.79231
1.52448
1.52448
1.52448
2.35412
2.35412
1.48802
1.48802
1.58977
1.5431
1.5431
2.12616
2.12616
2.12616
2.12616
2.33241
2.58442
2.58442
2.58442
2.58442
2.58442
2.93315
1.66635
1.66635
1.66635
1.0114
1.0114
0.888298
0.819206
1.02872
1.02872
1.04717
1.04717
1.46843
1.66079
1.66079
1.66079
1.66079
2.0236
2.1623
2.09788
1.89052
1.89052
1.48727
1.09844
0.949307
0.733418
0.733418
0.733418
0.589404
0.589404
0.589404
1.1491
1.1491
1.53045
1.53045
1.53045
1.22185
0.777861
0.777861
0.922871
0.922871
0.922871
1.11584
1.11584
1.11584
1.60677
1.60677
1.53015
1.53015
1.22335
0.962589
0.962589
0.962589
0.962589
0.962589
2.00747
2.00747
2.13659
2.73868
2.73868
2.73868
2.62733
2.62733
2.61463
2.30135
2.03431
1.90227
1.90227
1.90227
1.67851
1.67851
2.39159
1.74198
2.30584
2.33826
1.72891
1.47803
1.47803
1.1083
1.83829
2.06133
2.06133
1.36606
1.01621
1.01621
1.32674
2.06943
2.35909
2.35909
2.35909
2.53426
2.50381
2.76904
2.76904
2.57704
2.49875
2.49875
2.38805
2.38805
2.38805
2.38805
2.82334
2.82334
2.82334
2.82334
3.13017
3.13017
4.56111
3.78796
3.80427
4.39856
4.32282
3.17128
2.57249
2.57249
1.56328
1.56328
1.56328
1.43285
1.49737
0.544127
0.544127
0.763974
1.04983
0.986045
1.08233
1.08233
0.986453
0.986453
1.54199
1.54199
1.54201
1.86883
1.86883
1.86883
1.86883
2.03745
1.48105
2.1434
2.1434
2.64119
2.64119
2.21066
2.12688
2.12688
2.12688
2.12688
2.12688
2.36853
2.36853
2.81539
2.27704
2.27704
2.27704
2.14201
2.50069
2.39373
1.75134
2.01927
2.01927
1.18928
1.18928
1.18928
1.03861
1.03861
1.03861
1.03861
1.03861
0.857875
0.857875
0.857875
0.857875
0.857875
0.497248
0.497248
0.497248
0.409298
0.409298
0.409298
0.408504
0.408504
0.8122
0.8122
0.8122
1.22374
1.04043
1.04043
0.437862
1.25658
1.25658
1.10142
2.30787
2.67169
2.3401
2.79445
2.70704
2.70704
2.02811
2.26349
2.26349
2.06838
2.06838
2.06838
2.06838
2.06838
1.62739
1.07551
0.746439
0.581584
0.581584
1.17745
1.17745
1.50807
1.29042
1.29042
1.08757
1.01693
1.01693
1.49738
1.49738
1.22902
1.4056
1.22524
1.0534
1.04548
1.1883
1.1883
1.1085
0.589918
1.53575
1.53575
1.88556
1.42356
1.42356
1.42356
1.42356
1.27649
1.52323
1.44234
1.44234
1.44234
1.44234
1.44234
1.44234
1.37019
0.990763
0.894664
0.894664
0.894664
1.05074
0.922907
1.12841
1.12841
1.12841
1.87146
3.13186
3.13186
3.62
4.11075
4.18776
4.18776
4.18776
4.17487
4.30799
5.00048
5.56842
6.30986
6.46007
6.46007
5.95477
5.95477
5.95477
5.95477
5.45024
5.21995
5.93707
5.62754
5.62754
4.7605
4.11039
3.88099
3.7656
3.87803
3.87803
3.87803
3.63777
3.5622
3.5622
3.5622
3.11694
3.11528
3.11528
2.84193
2.00252
2.00252
2.127
2.127
2.58442
2.44522
2.44522
2.44522
2.8618
2.71882
2.90136
2.28403
1.28582
1.17389
1.17389
1.05845
1.05845
1.05845
1.30312
1.30312
1.21347
1.3866
1.3866
1.57949
1.57949
1.66465
1.61894
1.61894
1.93931
1.84559
1.84559
2.58361
2.30279
1.56919
2.66256
2.86441
2.91787
2.91787
2.68449
2.49032
1.90972
1.90972
2.14989
2.42866
1.83317
1.83317
1.83317
1.83317
1.83317
3.0293
3.42327
3.1218
2.88932
2.88932
3.22109
3.22109
3.11018
3.11018
2.69351
2.69351
2.69351
1.563
1.563
2.2997
2.2997
2.2997
1.34979
1.0425
1.0425
1.53637
1.69356
1.69356
1.69356
1.69356
1.69356
1.69356
1.69356
1.69356
1.69356
2.01096
2.01096
3.15537
2.45887
2.28063
1.55819
1.12293
1.61646
0.434731
0.434731
1.51102
1.66116
1.66116
1.66116
1.39563
1.39563
1.39563
1.92055
2.283
1.64539
2.1498
2.1498
2.1498
2.45556
2.45556
2.40548
2.50892
2.44643
2.05616
0.820191
0.637429
0.571472
0.571472
0.571472
0.571472
0.659831
0.659831
0.659831
0.659831
0.659831
0.728764
0.728764
0.728764
0.728764
0.728764
0.728764
1.1929
1.40088
0.79073
0.79073
1.52013
1.68662
2.12349
2.27747
2.26983
2.26983
2.23717
2.00304
2.02972
1.58809
1.52525
2.44721
2.67385
2.90459
3.03574
2.57365
2.57365
2.57365
1.88507
1.88507
1.88507
1.89231
1.89231
2.30762
2.30762
0.763157
0.763157
1.17386
1.22402
2.36677
2.36677
2.05502
2.05502
2.88923
2.32998
2.32998
2.32998
3.38492
3.16455
3.49929
3.84177
3.47151
3.47151
2.8394
2.53558
2.23061
2.40087
3.6219
2.45456
2.45456
2.45456
2.45456
2.45456
2.61939
3.3052
3.3052
3.42841
3.48579
3.27149
3.34214
3.63185
3.63185
2.84569
2.80476
2.56001
2.81647
2.9288
2.14779
2.14779
2.14779
2.14779
2.14779
2.14779
2.14779
1.12256
1.12256
1.32648
2.24542
2.24542
1.69992
1.26052
0.894002
0.894002
0.894002
0.927283
0.927283
0.929526
0.929526
0.929526
0.929526
0.929526
0.929526
0.929526
0.929526
0.929526
0.929526
1.09536
1.14996
1.14996
1.14996
1.05389
1.19357
1.50696
1.50696
3.08521
2.05523
2.05523
1.4508
1.38292
2.35401
1.6413
2.21651
2.39368
1.65899
1.65899
1.65899
1.65899
2.33919
1.85932
0.683721
0.683721
0.683721
1.48911
1.48911
1.48911
1.48911
1.48911
0.783874
0.385897
0.385897
0.944427
0.298024
1.12848
1.12848
1.12848
1.12848
1.15691
1.15691
1.15691
0.915259
0.915259
0.915259
0.915259
1.18307
1.18307
1.00739
0.591254
0.591254
0.591254
0.591254
0.591254
0.591254
0.591254
0.591254
0.591254
0.591254
0.591254
0.591254
0.591254
0.591254
0.862028
0.862028
0.862028
0.749388
0.749388
0.615833
0.615833
0.615833
0.630364
0.744187
0.744187
0.744187
0.744187
0.744187
0.744187
0.744187
1.27093
1.17133
1.17133
1.17133
1.17133
1.51362
1.51362
1.69804
2.09961
2.41645
1.47985
1.62969
1.62969
1.62969
1.32218
0.816691
0.816691
0.816691
0.37907
0.741637
0.741637
0.954938
1.08999
1.08999
0.752712
0.752712
0.752712
0.752712
0.752712
0.742313
0.742313
0.742313
0.742313
0.742313
1.0683
1.40015
1.40015
1.40015
1.55951
1.55951
1.55951
1.55951
1.2399
1.2399
1.2399
0.979294
0.979294
1.5174
1.49194
1.49194
1.38998
1.38998
1.38998
1.60091
1.6886
1.79407
1.79407
1.58227
1.58227
1.58227
1.58227
1.58227
1.33969
1.54512
1.885
1.885
1.885
2.73781
2.73781
2.26707
2.26707
2.20847
2.20847
2.19328
2.19328
1.19486
1.34034
0.752268
0.752268
0.752268
0.370997
0.370997
0.370997
0.905211
0.905211
0.905211
1.08134
1.08134
2.23617
2.95776
2.95776
2.95776
2.95776
2.66713
2.66713
2.09043
2.21004
3.05597
3.88321
3.63382
3.09686
3.59181
3.78749
3.78749
3.78749
3.78749
3.32523
3.32523
3.04553
2.9587
2.9587
2.9587
2.74756
1.29019
1.00184
2.06209
2.06209
2.06209
1.26193
0.630692
0.630692
0.630692
1.19617
2.18628
2.18628
2.18628
2.2352
2.40029
2.40029
2.40029
2.40029
2.16176
2.10266
1.77642
1.77642
1.17646
1.17029
1.14661
1.14661
1.14661
1.14661
1.1935
1.60782
1.60782
1.48295
1.71494
1.71494
1.83318
1.83318
1.83318
1.68827
1.68827
1.68827
1.45017
1.45017
1.45017
0.841352
0.841352
1.61283
0.901886
0.901886
0.479724
0.479724
0.479724
0.726758
0.726758
0.726758
1.02594
1.02594
1.02594
1.02594
1.38611
1.46063
1.90929
1.90929
1.90929
2.58491
2.60969
2.60969
2.60969
2.60969
2.26788
2.26788
2.26788
2.12269
2.38923
2.14513
2.14513
1.21067
1.21067
0.969185
0.969185
1.13385
0.736033
0.7255
0.7255
0.28941
0.28941
0.28941
0.28941
0.28941
0.28941
0.28941
0.28941
0.28941
0.28941
0.28941
0.28941
0.28941
0.28941
1.3876
1.3876
2.57392
2.13651
1.60965
1.60965
1.4821
1.4821
1.4821
1.62273
1.6099
1.67536
1.52396
2.03785
2.03785
2.03785
2.2201
2.2201
2.3963
2.47461
2.47461
2.47461
2.47461
1.92222
1.62663
2.19577
1.25377
1.25377
1.25377
1.28236
1.38422
1.38422
1.38422
1.50835
1.38187
1.38187
0.894466
0.894466
1.70317
1.70317
1.56607
1.90972
1.90972
1.90972
1.59013
1.05845
1.05845
1.05845
1.56461
1.56461
1.03259
1.03259
1.03259
1.04228
0.494271
0.494271
0.464401
0.464401
0.464401
0.306351
0.306351
0.306351
0.661939
0.661939
0.661939
0.731843
1.53923
1.53923
1.29703
1.3594
1.3594
1.95517
1.95517
1.95517
1.95517
2.55177
2.01846
2.10267
1.85041
1.20277
0.453834
0.453834
0.453834
0.453834
0.911173
0.911173
0.911173
0.911173
1.19152
1.16453
1.16453
1.16453
1.16453
0.193995
0.193995
0.90402
0.90402
1.31952
2.26247
2.26247
2.32512
2.18816
2.18816
2.18816
2.18024
2.18024
1.38031
1.37302
1.37302
1.37302
1.37302
1.37815
1.81332
0.231231
0.231231
0.231231
0.231231
0.231231
0.231231
0.231231
0.604766
0.604766
0.604766
0.604766
0.604766
0.644675
1.24614
1.24614
1.24614
1.20363
1.2096
0.774523
0.774523
0.774523
0.331997
0.331997
0.331997
0.331997
0.186799
0.186799
0.186799
0.186799
0.186799
0.870731
0.762082
0.762082
0.762082
0.912656
1.11098
1.11098
1.11098
1.11098
1.11098
1.11098
1.05645
1.05645
1.5732
1.96443
0.945576
0.612498
0.759578
0.759578
0.759578
1.55052
1.55052
1.55052
2.06079
1.89709
1.89709
1.63617
1.63617
1.63617
1.74527
1.74527
1.74527
1.74527
1.74527
1.74527
0.719505
1.08678
1.08678
1.08678
1.08678
0.69515
0.69515
0.732923
0.854734
0.845963
0.845963
1.31577
1.30996
1.07401
1.21629
1.21629
0.440609
0.315265
0.240236
0.240236
0.240236
0.240236
0.240236
0.240236
0.240236
0.240236
0.240236
0.240236
0.240236
0.240236
0.690221
0.690221
0.586344
0.586344
0.609318
0.609318
0.609318
0.609318
0.609318
0.609318
1.79288
1.24958
1.24958
1.5666
1.5666
1.5666
2.30507
2.15733
2.15733
1.41455
1.41455
1.41455
1.41455
1.41455
1.41455
1.35316
1.43189
1.43189
1.32182
1.32182
1.94257
1.94257
2.5525
2.72124
2.64774
2.5464
2.5464
2.05244
2.05244
1.33418
0.746713
0.746713
0.746713
0.941873
1.07599
1.07599
0.851682
0.851682
0.733721
0.733721
0.733721
1.10381
1.20609
1.20609
1.39794
1.39794
0.77162
0.77162
0.77162
0.77162
1.0298
1.98163
1.77131
1.38609
1.38609
1.05735
0.785696
1.15895
1.02202
1.02202
1.12419
1.12419
1.57904
1.57904
0.463886
1.1984
1.1984
1.1984
0.4893
0.653163
0.796372
0.796372
1.31698
1.31698
1.53466
2.05324
1.69708
2.00318
2.00506
2.00506
2.75742
1.94825
1.89039
2.03794
2.03794
2.03794
2.03794
2.03794
2.42665
2.42665
2.18018
2.34202
2.71629
2.71629
2.86665
2.86665
2.99246
1.51974
1.03792
1.03792
1.34069
1.34069
1.34069
1.34069
2.60058
2.60058
2.60058
2.60058
3.1298
2.67822
2.48296
2.77734
2.56359
2.56359
2.03868
2.03868
1.94868
1.65528
1.65528
1.96342
1.80894
1.80894
3.03261
2.57317
2.47013
1.75343
1.75343
1.75343
1.75343
1.75343
1.22953
0.825824
0.825824
0.825824
0.825824
0.825824
0.825824
1.46061
1.46061
1.11333
1.11333
1.71685
1.80221
1.80221
1.80221
1.72748
1.33964
1.33964
2.10566
1.66932
1.66932
1.66932
1.19817
0.777103
0.777103
0.777103
0.777103
0.777103
1.67241
1.32747
1.33153
1.33153
1.23507
1.23507
1.35858
1.35858
0.975925
1.08229
1.08229
1.08229
1.08229
1.08229
1.58192
1.58192
1.58192
1.5708
0.89603
0.89603
1.15685
2.00676
2.00676
1.15856
2.16941
1.18067
1.22909
1.29234
1.30079
1.30313
1.30313
1.58187
1.40975
1.40975
1.34893
1.34893
1.34893
1.38912
0.992319
0.992319
2.26385
2.67635
2.98235
2.98235
2.98235
2.98235
2.98235
2.69965
2.69965
2.69965
2.59311
2.86228
2.86228
2.86228
2.86228
2.86228
2.95699
2.65733
2.95911
2.95911
2.95911
3.3534
3.48812
3.48413
3.08726
2.97132
3.13069
3.13069
3.13069
2.70948
2.55707
2.56055
2.56055
2.20985
2.49664
2.49664
2.077
2.077
2.077
2.91905
2.82421
2.82421
2.84908
3.07631
3.07631
3.07631
2.75419
3.11635
3.11635
3.11635
2.94765
2.45402
2.13175
2.26248
1.78792
1.32162
1.18027
1.17136
1.17136
1.35267
0.257605
0.257605
0.257605
0.257605
0.257605
0.257605
0.257605
0.257605
1.5121
1.45445
0.434151
1.18657
1.18657
1.18657
1.67617
1.67617
1.7159
1.45872
1.45872
1.2123
1.79087
1.79087
1.45457
1.45457
1.45457
1.45457
1.45457
1.45457
0.869322
0.869322
1.04885
1.04885
1.04885
1.04885
0.300629
1.30151
0.853663
0.853663
0.853663
1.49265
1.49265
0.776143
0.776143
0.776143
0.776143
0.776143
0.776143
0.776143
0.776143
0.776143
0.776143
0.776143
0.776143
0.776143
0.776143
0.776143
0.443095
0.627429
0.598156
0.598156
0.598156
0.598156
0.598156
0.775591
0.775591
0.775591
0.775591
0.775591
0.775591
0.775591
1.36054
1.4176
1.38868
0.905998
1.17402
0.865137
0.865137
0.865137
0.865137
1.25358
0.57394
1.06507
1.00527
1.00527
1.00527
0.544062
0.630827
0.630827
0.630827
0.630827
0.932422
0.566435
0.566435
0.677455
0.54083
1.09882
1.09882
1.29223
1.4303
1.48833
2.02404
2.02404
2.0341
2.0341
1.82109
1.78113
1.78113
1.41138
1.41138
0.982703
0.982703
0.982703
1.60676
1.08831
1.07844
1.07844
0.88363
0.437217
1.5844
2.09273
2.09273
2.09273
2.09273
2.60982
2.60982
2.60982
2.74034
2.57804
2.66402
2.66402
2.66402
1.90266
1.28357
1.28357
1.28357
1.32493
2.04594
2.04594
1.49467
1.54966
1.45779
1.38326
1.10687
1.10687
0.95852
0.95852
1.02707
1.38537
1.37734
1.37734
1.06737
1.06737
1.06737
1.06737
1.06737
1.06737
1.06737
1.06737
1.06737
0.629697
0.629697
0.629697
0.439308
0.408092
1.71784
1.71784
1.71784
1.71784
2.22882
2.22882
2.24089
1.43992
1.32116
1.32116
1.08202
1.96077
1.96077
1.05668
1.34058
1.80184
1.49182
1.49182
1.49182
2.07159
2.41795
2.64349
2.40612
2.40612
2.83922
1.60015
0.753316
0.753316
0.753316
0.753316
0.926013
0.536112
1.32695
1.39947
1.39947
1.33166
1.33166
1.03293
1.03293
0.847507
0.940324
0.940324
1.47162
0.730872
1.95896
1.95896
2.23289
2.23289
2.05794
1.66999
1.66999
2.04473
1.63403
1.63456
1.22845
2.63925
2.63925
2.42427
2.09499
2.09499
2.09499
1.13545
1.65072
1.95548
1.85485
1.85485
1.67174
1.67174
1.67174
1.77167
1.77167
1.77167
1.77167
1.33262
0.875717
1.7426
0.924509
0.924509
0.924509
0.593447
1.41
1.52603
1.52603
1.52603
0.928718
0.928718
0.557394
0.557394
0.557394
1.68364
1.68364
1.68364
2.21478
2.21478
2.21478
2.04135
1.79869
1.14323
1.31722
1.31722
1.46495
1.55711
1.13298
1.13298
1.39804
1.44653
1.7103
1.7103
1.31463
1.26067
1.46336
1.46336
1.46336
1.35675
0.416708
0.416708
0.416708
0.416708
0.416708
0.416708
0.416708
0.416708
0.831958
0.831958
0.831958
0.831958
0.831958
0.831958
0.66757
0.66757
1.18201
1.18201
1.18201
1.18201
1.18201
1.18201
1.18201
1.18201
0.583504
0.583504
0.854429
0.854429
0.854429
0.854429
0.811563
0.811563
0.516269
0.306161
0.306161
0.306161
0.516626
0.546878
0.546878
0.546878
0.625822
0.625822
0.625822
0.625822
0.625822
0.625822
0.625822
0.625822
0.625822
0.625822
0.625822
0.625822
0.625822
0.439433
0.716909
0.716909
1.09161
1.09161
1.09161
0.161983
0.779027
0.779027
0.779027
0.779027
0.493144
0.493144
0.493144
1.58826
1.58826
0.731138
0.731138
0.731138
0.954656
0.954656
0.954656
0.954656
2.218
0.827732
1.82166
1.95729
1.95729
0.989694
0.989694
1.01731
0.476683
0.146713
0.146713
0.146713
0.146713
0.146713
0.146713
0.371849
0.371849
0.371849
0.511529
0.819106
0.819106
0.819106
0.819106
0.746854
0.485009
1.3656
2.33069
2.57973
1.01336
0.550537
1.01891
1.01891
0.239534
0.239534
0.538755
0.538755
0.538755
1.11977
1.04082
1.04082
1.04082
0.797207
0.797207
0.797207
0.797207
0.797207
1.20167
1.98832
2.93718
2.59675
2.18248
2.18248
2.18248
2.50949
2.50949
2.49436
2.37663
2.37663
2.37663
2.07082
2.07082
2.0376
1.80969
1.80969
1.70982
1.70982
1.22834
1.22834
0.955594
0.955594
0.955594
0.955594
0.594187
0.983327
0.983327
1.24132
1.48291
1.81262
0.753931
1.64739
1.64739
1.59699
1.33939
1.33939
1.33939
0.960502
0.628102
0.617432
0.617432
0.4833
0.4833
0.4833
0.4833
0.4833
1.2186
0.855849
0.772524
0.772524
0.883553
0.944467
1.38994
1.9912
2.07762
2.07762
1.25021
0.975318
0.975318
1.22846
1.66069
1.21703
1.54798
1.54798
1.26104
1.26104
0.667498
0.308937
0.308937
0.498277
0.498277
0.498277
1.80351
1.80351
1.80351
1.79926
1.79926
1.53465
1.24043
1.21543
1.21543
1.55427
1.55427
1.55427
1.16537
1.16537
1.12485
0.761681
0.349168
1.05843
1.05843
1.23547
1.25444
1.13836
0.608046
0.608046
0.608046
0.608046
0.646822
0.530788
0.530788
0.530788
0.440364
0.440364
0.440364
0.440364
0.440364
0.440364
0.440364
0.440364
0.440364
0.440364
0.440364
1.27255
0.857923
0.857923
0.99741
1.6482
1.98893
1.98893
1.98893
1.98893
1.98893
1.98893
1.98893
2.02932
1.91599
1.31256
1.11878
0.459026
1.01943
1.01943
1.01943
1.01943
1.01943
1.44695
1.44695
1.44695
1.04538
1.21748
1.54058
1.36251
1.7238
1.7238
1.16559
1.16559
1.7236
1.78067
1.75102
2.07215
2.07215
2.1394
2.1394
2.77438
2.22187
1.13478
1.13478
0.518243
0.518243
0.629659
0.629659
1.2735
1.2735
1.2735
1.2735
2.07459
2.02531
2.62541
2.05422
2.42088
2.42088
2.42088
2.434
2.434
1.94315
1.61761
1.61761
1.61761
1.61761
2.31299
2.31299
2.32808
2.07106
2.07106
1.47526
1.53104
1.68218
1.68218
1.07789
1.07789
1.07789
1.07789
1.07789
1.07789
1.46196
1.79912
1.04116
1.08009
0.7321
0.828867
1.3573
1.3573
1.77189
0.904677
0.904677
1.12028
1.12028
1.12028
1.12028
1.8305
1.91532
2.24166
2.24166
2.40015
2.40015
2.41577
2.3836
2.07202
2.07202
1.24845
1.24845
1.3118
1.3118
1.3118
1.3118
1.3118
1.3118
0.563665
0.464572
0.464572
0.872671
0.872671
0.71389
0.71389
0.71389
0.71389
0.71389
1.2211
1.2211
1.2211
1.2211
1.2211
1.2211
0.892832
0.892832
0.892832
1.04455
1.04455
1.46158
0.945205
0.677049
0.677049
1.0522
0.944351
0.944351
0.713876
0.713876
0.713876
0.713876
0.713876
0.713876
0.711496
2.03215
2.03215
2.03215
1.39709
1.39709
1.39709
1.39709
1.39709
0.683862
0.683862
0.683862
1.39465
0.229941
0.229941
0.983044
0.983044
0.985669
0.561003
0.561003
1.3826
1.42011
1.91055
2.66937
1.80843
1.07165
1.07165
1.01224
1.01224
1.01224
1.01224
1.01224
1.01224
1.01224
1.01224
1.01224
1.47411
1.50922
1.5186
2.03817
1.64495
1.64495
1.6278
1.41822
1.44681
1.46976
1.46976
1.46976
1.48001
1.48001
1.48001
1.8272
1.8272
2.11297
1.62782
1.62782
1.62782
0.723626
0.723626
0.723626
0.723626
0.984165
0.984165
1.22409
1.68101
0.439119
2.2862
2.2862
2.6815
2.48671
1.67937
1.58909
2.02988
2.4757
1.78056
1.78056
1.78056
2.24269
1.49847
1.91872
1.91872
1.96796
1.61003
1.61003
1.61003
0.922762
0.922762
0.775352
0.775352
0.775352
0.775352
0.775352
0.775352
0.775352
0.775352
1.511
0.892099
1.96222
2.06554
2.06554
2.06554
2.28821
3.43075
3.19214
3.19214
2.73232
2.0738
0.928872
0.928872
1.59837
1.59837
1.31868
1.31868
0.802763
0.802763
1.50171
1.50171
1.50171
1.50171
1.50171
1.8323
1.8323
1.8323
2.74375
2.23161
1.09481
1.09481
0.613806
0.613806
0.613806
1.8902
2.34085
2.52969
2.52969
2.52969
3.51018
3.49121
3.43601
3.43601
4.11697
4.11152
4.11152
4.11152
4.11152
3.24385
3.86961
3.86961
3.66553
3.83436
3.08838
2.73242
2.73242
2.73242
4.0939
3.31112
3.31112
3.09279
3.09279
2.79233
2.79233
2.79233
2.79233
2.79233
3.29533
3.29533
3.39493
3.39493
2.97017
3.09677
3.09677
2.87452
2.68372
2.68372
2.449
2.45585
2.42097
2.42097
0.830162
0.830162
0.659191
0.680612
0.680612
0.46801
0.46801
0.46801
0.77245
0.77245
0.642215
0.783229
0.678426
1.1183
1.1183
0.91019
0.934519
0.889084
0.889084
0.668765
0.668765
0.668765
0.560874
0.560874
0.764029
1.42627
1.42627
1.42627
2.48482
2.48482
2.81721
2.81721
2.93268
3.28647
2.95881
2.95881
3.03574
2.11352
0.924572
2.25335
1.6007
1.6007
2.13206
1.26083
1.32465
1.32465
1.19099
1.48757
0.918672
0.918672
0.918672
1.03757
1.57695
1.57695
1.56806
2.21329
2.07834
1.74693
1.8025
1.74993
1.74993
1.36843
0.985314
0.985314
0.985314
0.985314
0.985314
0.985314
1.17037
1.17037
2.9769
3.20101
3.20101
2.66579
2.15738
2.15738
2.38406
3.19111
3.19111
2.96269
2.96269
2.29943
2.29943
2.50073
2.50073
1.92964
1.92964
1.92212
1.85243
1.76237
1.76237
1.76237
1.76237
1.76237
2.19382
2.19382
2.19382
2.19382
2.19382
2.19382
2.19382
2.19382
2.19382
2.35522
2.73732
2.5272
2.22705
2.22705
0.768446
0.656092
0.656092
0.572945
0.572945
0.572945
0.572945
0.442372
1.20287
0.490988
0.415846
0.415846
0.63895
0.63895
0.63895
0.766817
0.766817
0.766817
0.766817
0.766817
0.766817
0.752345
0.752345
0.752345
0.752345
0.752345
1.80945
1.80945
1.61223
1.70312
2.12525
1.48027
0.835532
0.835532
1.50993
0.992985
0.274802
0.274802
0.274802
0.274802
0.274802
0.274802
0.274802
0.784519
1.16647
1.20247
1.20247
1.20247
1.47748
2.02795
2.69721
2.69721
2.80162
3.19271
2.76078
1.79932
2.24911
2.49787
2.2225
2.33103
2.33103
2.33103
2.77972
3.24122
3.24122
2.99142
3.27219
3.49649
3.43978
3.43978
3.46449
3.46449
2.80764
2.80764
2.03812
2.03812
1.39444
1.31694
1.80156
1.66899
1.31866
1.31866
1.10249
0.703218
0.703218
0.58329
0.58329
0.58329
0.438489
0.438489
0.438489
0.438489
0.438489
0.438489
1.15627
0.913212
1.03865
1.84651
1.69692
1.5696
1.5696
1.5696
1.02738
1.02738
1.27246
1.27246
1.13959
1.13959
1.37827
0.92314
1.59346
1.59346
1.99541
1.04424
1.04424
1.58964
1.58964
1.58964
2.52819
1.74702
1.74702
1.74702
1.74702
1.74702
1.16667
1.16667
1.16667
1.16667
1.25728
0.815172
0.815172
0.600369
0.919306
0.782173
0.50734
0.50734
0.50734
0.50734
0.50734
0.553951
0.899275
0.899275
0.899275
0.899275
0.546861
0.546861
1.41889
0.953725
0.953725
1.49417
0.756627
1.26616
1.08885
0.695644
0.695644
1.45737
1.45737
1.75052
1.49701
1.49701
1.49701
1.19703
1.51887
1.51887
1.1523
1.1523
1.1523
1.1523
1.32351
1.32351
1.32351
1.02167
1.64075
1.00069
1.00069
1.00069
1.00069
0.399742
0.467557
0.467557
0.467557
0.467557
1.47637
0.913422
0.913422
0.913422
0.643357
0.643357
0.643357
0.643357
0.643357
0.5621
0.5621
0.673019
0.673019
0.816319
0.816319
0.816319
0.816319
0.546929
0.546929
0.622596
0.622596
1.29648
1.29648
1.29648
1.29648
1.29648
1.12612
1.12612
1.48963
1.3519
1.3519
1.3519
1.3519
1.34906
0.460473
0.460473
0.460473
0.460473
0.460473
0.460473
0.154101
0.154101
0.154101
0.154101
0.154101
0.154101
0.154101
0.154101
0.154101
0.154101
0.154101
0.154101
0.686077
1.27769
1.27769
1.16018
1.16018
1.16018
1.16018
1.16018
1.08464
1.08464
0.605169
0.605169
0.605169
0.605169
0.840033
0.840033
0.840033
0.840033
0.955434
1.50613
2.2003
2.02474
2.06821
2.06821
1.2852
1.2852
1.2852
1.69756
2.25315
1.66361
1.96411
1.61213
2.90438
1.68743
1.05422
1.45083
1.45083
0.975812
0.975812
0.975812
0.574698
0.574698
0.574698
0.982074
0.436496
0.436496
0.693332
0.693332
0.693332
0.693332
0.693332
0.693332
0.693332
1.04128
1.04128
1.04128
0.99391
1.07477
1.07477
1.07477
1.07477
0.523233
0.523233
0.523233
0.889935
0.889935
0.889935
0.889935
1.10477
1.27024
1.27024
1.03233
1.03233
1.03233
1.09619
1.09619
0.966019
0.966019
0.966019
1.11865
1.11865
1.11865
1.11865
1.22077
1.42653
1.42653
1.42653
1.42653
1.42653
1.91406
1.91406
1.57401
1.12757
0.554145
0.554145
1.19645
2.21767
1.75708
1.75708
1.75708
1.75708
1.75708
1.75708
2.26088
2.26088
2.79119
1.15633
1.37168
1.37168
1.54645
0.760184
0.489766
0.70632
0.70632
0.70632
0.774146
0.267947
0.267947
0.267947
0.267947
0.267947
0.267947
0.267947
0.267947
0.512956
0.714148
0.714148
1.64441
1.64441
1.95416
1.95416
2.26587
2.26587
2.66269
2.90128
3.11869
3.68064
3.39232
3.86685
3.86685
4.02848
3.82097
3.92663
3.9919
3.9919
2.24626
2.79013
3.29209
3.29209
3.29209
2.75442
2.75442
3.26822
3.26822
3.26822
3.26822
2.30117
2.30117
2.30117
2.30117
3.40452
3.55048
3.75681
3.67683
2.46211
3.17812
3.05465
3.05465
2.83927
3.42001
3.42001
3.11564
3.11564
2.90102
2.91359
3.20145
3.20145
3.20145
2.8771
2.11671
1.73237
1.73237
1.73237
1.40133
1.40133
1.40133
1.41989
1.41989
1.41989
1.95143
1.08649
1.47814
1.47814
1.98195
1.98195
1.98195
2.02146
2.34377
2.34377
2.40166
1.79689
1.79689
2.02656
1.62105
1.62105
1.62105
1.62105
1.99417
1.83728
1.83728
1.83728
1.51551
1.61167
1.61167
1.61167
1.61167
0.537115
0.537115
0.591281
0.726659
0.726659
0.726659
0.726659
0.533402
0.533402
0.533402
0.533402
0.533402
0.533402
0.960707
1.1646
0.570162
0.710353
0.710353
0.405471
0.570765
0.487914
0.487914
0.487914
0.487914
0.487914
0.529014
0.529014
0.529014
0.529014
0.529014
0.529014
0.529014
0.529014
0.529014
0.529014
0.529014
0.529014
0.529014
0.529014
0.529014
0.529014
0.529014
0.529014
0.529014
0.56555
0.56555
0.56555
0.56555
0.56555
0.56555
0.56555
1.07475
0.343049
0.343049
1.24426
1.24426
2.51047
2.51047
2.2888
2.64193
2.64193
2.64193
2.22868
2.22868
1.84697
1.44755
1.79614
1.79614
1.74369
1.82296
1.82296
1.85123
2.75475
2.75475
2.75475
2.15899
1.77326
1.78244
2.1598
2.02976
2.06459
2.06459
2.06459
2.06459
2.06459
2.21524
2.21524
2.89465
2.89465
2.89465
2.89465
1.40977
1.40977
1.71274
1.45269
1.45269
1.45269
1.45269
1.45269
1.45269
1.78946
1.62168
1.62168
1.61872
1.61872
1.61872
2.08799
2.06755
1.12976
0.859239
1.07243
1.07243
0.893499
0.893499
0.652023
1.76439
1.63302
1.51745
1.51745
1.32742
1.32742
1.32742
1.32742
1.32742
1.05944
1.05944
1.05944
0.739173
0.739173
0.739173
0.739173
0.739173
0.739173
0.739173
0.820237
1.50749
1.50749
1.50749
0.953087
0.953087
1.15942
1.14841
1.00447
1.00447
1.20364
1.20364
1.19853
1.19853
1.19853
0.905908
0.313494
0.313494
0.313494
0.313494
0.313494
0.343913
0.803835
1.11529
1.11529
1.11529
1.50149
1.50149
1.50149
1.50149
1.03569
1.03569
2.0234
2.0234
2.74133
2.74133
3.09509
2.51634
2.51634
2.28744
1.69811
1.69811
2.44984
1.38586
1.38586
1.53208
1.53208
1.05323
1.05323
1.05657
1.0158
1.0158
0.835199
0.590313
0.931389
0.931389
0.931389
0.931389
0.931389
0.931389
0.931389
0.931389
1.10678
1.10678
1.26604
1.31699
1.31699
1.31699
0.320142
0.320142
0.320142
0.320142
0.320142
0.320142
0.320142
0.320142
0.741907
0.748998
0.666287
0.666287
0.666287
0.666287
0.666287
0.666287
0.666287
0.666287
0.666287
1.18638
1.18638
1.18638
1.18638
1.18638
1.28025
1.28025
1.28025
1.68231
0.997947
0.997947
1.18881
1.12725
1.12725
1.12725
0.879025
0.879025
0.791478
0.791478
0.791478
0.657674
0.657674
1.31887
1.12965
1.11575
1.83543
1.83543
1.83543
1.45915
1.6303
1.55479
1.55479
1.55479
2.51555
2.67671
2.67671
3.08063
3.08063
2.75558
2.8888
2.8888
2.4615
2.4615
2.78233
2.27905
2.27905
2.29094
2.11452
2.11452
1.17679
1.17679
1.14745
1.14745
0.357146
0.357146
0.357146
0.357146
0.357146
0.357146
0.357146
0.357146
0.357146
0.357146
0.357146
0.60062
1.4965
1.4965
1.59378
2.25283
2.25283
2.25283
1.91219
1.62705
1.42261
1.09065
1.09065
1.09065
0.227194
0.227194
0.227194
0.483429
0.483429
0.4059
0.4059
1.36732
1.68034
1.68034
1.82292
1.82292
1.46068
1.73108
1.11845
1.1542
1.1542
1.1542
1.1542
1.1542
1.1542
1.1542
1.1542
1.35406
1.5175
1.59148
1.59148
1.09246
0.531726
0.531726
0.531726
0.531726
0.886112
1.10634
1.10634
0.304621
0.460022
0.558874
1.41207
1.44166
1.44166
1.44166
1.44166
1.05816
1.05816
1.05816
1.4065
1.26948
1.26948
1.26948
1.11692
1.29577
1.06089
0.558965
0.558965
0.558965
0.558965
0.558965
0.413639
0.413639
0.413639
0.413639
0.413639
0.421833
0.421833
0.421833
0.421833
0.421833
0.421833
0.421833
0.421833
0.421833
0.421833
0.421833
0.421833
0.600299
1.22455
1.22455
1.22455
1.1564
1.11349
1.11349
1.11349
1.11349
1.11349
1.11349
1.11349
0.838359
0.830697
0.454399
0.454399
0.54971
0.54971
0.937716
0.937716
0.937716
1.5916
1.5916
1.5916
1.02597
1.40077
0.858473
0.858473
0.858473
1.27364
1.78755
1.78755
2.04827
2.04827
1.24031
0.9323
0.679327
1.14018
1.14018
1.14018
1.25596
1.25596
1.08399
1.49028
1.75898
1.82857
1.82857
1.82857
1.64413
1.26633
1.38931
0.954609
0.954609
0.954609
0.954609
0.954609
0.713374
0.833245
0.562527
0.854089
0.854089
0.937885
0.735997
0.735997
0.595298
1.82401
1.82401
1.64911
1.02231
0.801706
0.801706
0.801706
0.801706
0.801706
0.604634
0.932128
2.78712
2.68488
2.68488
2.82639
2.58867
2.58867
2.6111
2.6111
2.61333
2.61333
2.61333
1.22763
0.420548
0.420548
0.420548
0.420548
0.420548
0.420548
0.420548
0.420548
0.420548
0.420548
0.650748
0.650748
0.858341
0.858341
0.858341
0.858341
0.858341
0.858341
0.858341
1.6299
1.6299
2.20042
2.07435
0.777149
1.47277
2.46571
2.87834
2.87834
2.34451
2.34451
2.13352
2.13352
2.13352
1.99493
1.99493
1.99493
1.4891
1.79254
0.504203
0.885281
1.47778
1.61044
1.60002
1.60002
1.45378
2.43761
2.42462
2.81453
2.81453
3.02151
3.02151
2.9817
3.11464
2.88684
2.37605
2.37605
2.03909
2.61401
2.4282
1.60914
2.29459
2.37543
1.62595
1.3062
0.864378
0.864378
1.34142
1.34142
1.34142
1.57949
1.40895
1.40895
1.40895
1.65287
1.65287
1.65287
1.65287
1.65287
1.65287
1.02779
1.57577
1.96883
2.2345
2.2345
2.3492
1.33417
2.09761
1.79471
1.79471
1.79471
2.21733
2.21733
2.21733
2.21733
2.21733
1.69002
2.21603
2.21603
3.5623
3.5623
3.5623
3.75578
4.36032
4.53865
4.00067
4.53866
4.65893
4.65893
3.71164
4.09031
4.09031
4.09031
4.09031
4.09031
4.09031
4.09031
3.06674
3.06674
3.36948
3.37856
2.91528
2.45593
1.97894
1.9459
1.66452
1.66452
1.66452
1.66452
0.873336
0.873336
1.39961
1.02362
1.29974
1.29974
0.782396
0.735478
0.735478
0.867294
0.867294
0.867294
0.648563
0.648563
0.648563
0.600647
1.13135
1.51581
1.48885
1.25365
1.25365
1.36899
1.43972
1.34035
1.44163
0.805175
0.993975
0.49782
0.49782
0.49782
0.49782
1.60131
1.60131
1.60131
1.60131
1.77608
1.77608
1.6227
2.15811
2.15811
2.15811
2.15811
1.09459
1.43476
1.43476
1.57462
1.57462
1.57462
1.56822
1.56822
1.56822
1.68644
1.68644
2.11178
2.11178
1.90569
1.90569
1.90569
2.16391
2.16391
2.16391
2.16391
2.23329
1.48535
1.46539
1.63453
1.50831
1.50831
1.50831
1.36994
1.36994
1.36994
1.36994
1.3719
0.260633
0.260633
0.260633
0.650299
0.650299
1.16337
1.16337
1.16337
1.0432
1.10181
0.782349
0.782349
0.782349
0.782349
0.782349
0.782349
0.782349
0.782349
0.782349
0.782349
0.782349
0.782349
0.782349
1.39482
1.41365
1.2291
1.38952
1.38952
0.87692
0.87692
0.87692
0.87692
0.503987
0.503987
1.33111
1.20467
0.780225
0.780225
0.882919
1.2429
1.13834
0.961383
0.961383
1.75773
1.75773
2.14993
2.14993
3.57293
3.57293
3.57293
3.17305
3.17305
3.17305
2.99729
2.91282
1.19355
1.86097
2.56244
2.59613
3.127
2.44445
1.0879
0.753579
0.513704
0.513704
0.513704
0.513704
0.513704
0.513704
0.579388
0.579388
0.579388
0.601556
1.25444
1.63448
1.63448
1.86465
1.77008
1.99971
1.99971
1.99971
1.99971
1.93979
2.00531
1.75288
1.87488
1.87488
1.87488
2.02551
1.94115
1.05916
1.05916
0.921699
2.03882
2.03882
2.19323
1.34074
1.3186
1.04531
1.11856
1.36136
1.19427
1.62332
1.62332
1.62332
2.46425
2.84362
2.84362
2.84362
1.47457
1.92936
1.39727
2.51786
2.30199
2.30199
2.30199
2.86134
2.52575
2.54368
2.54368
3.14393
3.34497
3.57558
3.57558
3.57558
3.76295
3.7235
2.59958
1.98022
1.98022
1.98022
1.98022
2.23949
2.23949
1.96472
1.96472
1.94999
1.38163
1.38163
1.38163
1.38163
1.38163
1.56539
1.56539
1.18242
1.02508
1.02508
1.53151
1.53151
1.53151
1.36018
1.0402
2.10587
2.2137
2.2137
3.03104
3.03104
3.03104
3.03104
2.21632
1.59407
1.59407
0.501285
0.501285
0.501285
0.501285
0.501285
0.501285
0.501285
0.501285
0.777988
0.777988
0.777988
0.777988
0.329673
0.329673
0.329673
0.329673
0.329673
0.329673
0.329673
0.329673
0.398351
0.398351
0.382347
0.553639
0.553639
1.15984
0.817287
1.1079
1.31108
1.31108
1.31108
1.8425
1.8425
1.69002
1.69002
2.23641
2.23641
2.23641
2.23641
1.4846
1.4846
1.37274
1.93081
1.93081
1.69613
0.248673
0.248673
0.248673
0.248673
0.248673
0.804362
0.804362
0.955094
0.955094
0.955094
0.955094
0.999499
0.999499
1.24598
0.631214
0.631214
0.631214
0.631214
0.631214
0.631214
0.631214
0.683864
0.683864
0.480801
0.616995
1.06643
1.06643
1.06643
1.06643
1.65296
2.46614
2.45129
3.10006
3.10006
3.10006
3.10006
3.10006
4.36627
3.60483
3.69431
3.69431
3.69431
3.5359
3.19815
3.42197
2.71967
2.72938
2.72938
3.10551
2.84529
1.67628
0.730473
0.730473
0.730473
0.330047
0.330047
0.717231
0.563584
1.30307
1.34001
1.68284
1.19747
1.15175
1.15175
1.15175
1.15175
1.15175
1.65355
1.74157
1.53725
2.43353
2.43353
2.43353
2.6336
2.6336
3.93954
3.77145
3.77145
3.75598
4.00413
3.98794
4.69552
4.44972
4.44972
4.72021
4.73664
4.73664
5.33011
5.33011
5.33011
5.33011
5.10365
4.6869
4.6869
4.02849
4.06535
4.06535
4.87353
4.42922
4.56019
5.18348
4.51046
4.74369
4.74369
3.71517
3.71517
3.71517
3.71517
4.16312
3.4776
3.4776
3.4776
3.32498
3.32498
3.6303
3.79693
4.21972
4.18694
4.58816
3.39457
3.39457
3.00897
3.00897
2.47111
0.734871
1.25772
1.25772
2.26064
2.39908
1.80963
1.80963
1.80963
1.37337
1.37337
1.37337
1.37337
1.37337
1.37337
1.37337
1.37337
1.88952
2.01766
1.48184
1.48184
1.61736
1.04715
1.04715
1.27107
1.27107
1.03568
0.994636
1.44065
1.44065
1.44065
1.44065
1.32259
1.32259
1.32259
1.32259
1.16768
1.86584
1.93654
1.10219
1.21457
0.520774
0.139799
0.139799
0.139799
0.139799
0.30776
1.19847
1.76358
1.76358
1.35235
1.85804
2.60313
2.41094
2.41094
2.41094
2.41531
1.46108
1.46108
1.46108
1.89838
1.89838
2.48267
2.48267
2.48267
2.48267
2.68715
2.20165
2.24098
2.24098
1.93341
1.93341
1.87585
1.87585
1.87585
1.87585
1.87585
1.87585
1.87585
1.87585
1.87585
1.87585
1.87585
1.41683
1.53957
1.53957
1.53957
1.53957
1.61606
0.61689
0.538443
1.05911
1.05911
0.75348
1.12052
1.12052
1.08273
0.960978
0.960978
0.845201
0.940399
0.940399
1.78948
1.78948
1.78948
1.78948
1.86726
1.86726
1.99624
2.63282
2.63282
2.56201
2.5156
3.64258
3.64258
3.04485
2.95866
2.2828
1.72366
1.10282
1.10282
1.31099
1.31099
1.31099
1.31099
1.0716
0.87235
0.87235
0.87235
0.87235
1.37771
1.38466
1.38466
0.734429
0.734429
0.734429
0.107211
0.107211
0.107211
0.107211
0.107211
0.107211
0.107211
0.478597
0.478597
0.478597
0.328435
0.328435
0.328435
0.328435
0.328435
0.328435
1.36434
2.16517
2.44003
2.44003
2.02958
2.02958
2.02958
2.02958
2.47097
2.37817
2.25563
2.25563
2.25563
2.25563
2.83936
2.04374
2.04374
1.88132
1.88132
1.78745
1.50955
1.94759
0.599718
0.599718
0.599718
0.599718
0.599718
0.599718
0.599718
0.599718
0.599718
0.599718
0.599718
0.521384
0.866037
0.866037
0.9661
0.9661
0.9661
1.05112
1.05112
2.37965
2.83942
1.60203
1.27717
0.963043
0.963043
0.827897
0.827897
0.827897
0.827897
1.12746
0.998045
1.41873
1.55451
0.766525
0.933921
0.599261
0.599261
0.599261
0.599261
0.599261
0.599261
0.599261
0.985393
0.985393
0.460736
0.460736
0.460736
0.460736
0.460736
0.460736
0.460736
0.252655
0.745068
0.745068
1.95124
1.96068
2.19765
1.73632
1.73632
1.73632
1.59778
1.69205
0.90507
0.90507
0.90507
1.01478
0.695418
1.0292
1.76048
1.76048
2.00541
2.00541
2.00541
2.00541
1.6339
0.976164
0.976164
0.805574
1.23143
1.23143
0.61788
1.45083
1.74225
1.7053
1.7053
1.7053
1.7053
1.74468
1.74468
1.74468
1.48861
1.75327
1.75327
1.75327
1.75327
1.75327
1.48965
2.26566
2.26566
2.26566
1.8536
1.8536
1.8536
2.15991
2.15991
2.9973
3.48693
5.44798
4.94915
4.94915
4.03241
3.97548
2.46944
2.46944
2.54212
2.49903
2.80849
1.80184
1.80184
0.903129
0.903129
0.903129
0.916168
0.916168
0.916168
0.916168
0.71606
0.73861
1.1451
1.1451
1.1451
1.08393
1.04695
2.15705
2.15705
2.00325
2.48353
1.52391
1.52391
2.10009
2.23803
2.03677
2.03677
1.43152
1.12487
1.12487
1.33926
1.00845
1.41641
1.41641
1.41821
1.41821
1.41821
0.571164
0.512557
0.412835
0.412835
0.412835
1.38525
1.38525
1.38525
1.26496
1.26496
0.990211
1.41098
1.04625
1.17935
0.835205
2.10833
1.76306
1.39579
1.07559
1.07559
0.89174
0.858288
0.858288
0.761448
0.761448
0.761448
0.760994
0.760994
0.760994
0.760994
0.760994
0.964178
0.964178
0.964178
0.964178
0.964178
1.48065
1.68819
1.50078
1.04304
1.04304
1.04304
2.41668
3.02191
2.39749
2.11329
1.3251
1.8117
1.35377
1.35377
0.63228
0.63228
1.79717
1.79717
1.9948
1.20641
1.20641
1.17736
1.17736
1.17736
1.17736
1.17736
2.0398
2.09958
3.90464
2.56694
1.87575
1.33479
0.74843
1.20463
1.20463
1.09687
1.57293
1.9326
1.90146
1.67186
0.907739
0.907739
0.907739
1.15018
1.15018
1.15018
0.792034
0.792034
0.792034
1.17179
1.17179
1.17179
1.17179
0.309516
1.04693
1.04693
1.04693
0.824025
1.25568
0.582264
0.582264
0.455287
0.455287
0.455287
0.455287
0.970909
0.473252
0.990206
0.990206
1.21461
0.806659
1.02388
1.02388
1.28125
1.52439
1.04574
1.04574
1.04574
1.22376
0.592356
0.592356
0.686294
0.821698
0.906254
0.700748
0.700748
0.700748
0.700748
0.700748
0.700748
0.518399
0.356244
0.654847
0.384203
0.384203
0.384203
0.384203
0.384203
0.384203
0.384203
0.384203
0.384203
0.384203
0.384203
0.269182
0.706138
0.706138
0.706138
0.738654
0.738654
0.738654
0.766041
0.892599
0.892599
0.892599
0.892599
0.967912
1.77743
3.32089
4.12139
4.12139
4.07745
4.67901
4.67901
4.81425
5.63925
5.7888
5.7888
5.73937
5.73937
5.1245
5.1245
5.1245
5.21448
4.59961
4.35578
4.35578
4.27115
2.82828
2.82828
2.82828
3.49279
3.49279
3.20696
3.28549
3.28549
3.85665
3.93216
3.93216
3.66033
3.66033
4.34863
4.25912
3.2984
4.42286
4.42286
3.02017
3.02017
3.02017
3.02017
2.89467
2.62976
2.6126
2.6126
2.6126
2.6126
2.79216
2.38153
2.49198
2.60065
2.60065
2.60065
2.09027
1.96328
1.55744
1.82923
2.64293
2.64293
3.01721
3.01721
2.13513
2.00216
2.00216
2.37459
2.37459
2.61987
0.878446
0.878446
0.931631
0.931631
1.63583
2.04287
1.81885
1.83603
1.83603
1.12365
1.0086
1.0086
0.150145
0.372717
0.372717
0.372717
0.372717
0.372717
0.400564
0.400564
0.588053
0.588053
0.588053
0.588053
0.588053
1.37446
1.37446
1.10681
1.10681
1.21634
1.21634
1.21634
0.581733
0.581733
0.332326
0.332326
0.332326
0.332326
0.332326
0.371312
0.624271
0.624271
1.12793
1.12793
1.12793
1.12793
1.12793
0.959241
1.22814
1.22814
1.15175
0.872208
0.538688
0.538688
0.747816
0.747816
0.747816
0.747816
0.747816
0.531927
1.05027
1.05027
1.05027
1.05027
1.05027
1.05027
1.05027
1.26895
1.32241
1.74553
1.23401
0.962385
0.960789
0.960789
0.960789
0.906665
0.906665
1.43591
2.03905
1.10173
1.44822
1.44822
1.30498
1.30498
1.94195
2.26075
2.26188
2.08397
1.65292
2.08623
2.08623
2.93439
2.45676
2.47943
2.47943
2.47943
2.49013
2.19762
2.19762
1.95691
1.95691
1.95723
1.75967
1.75967
1.75967
1.86608
1.55295
1.55295
1.55295
0.942062
0.942062
1.2879
1.27747
0.488668
0.488668
0.488668
0.607507
1.03602
1.85547
1.85547
3.01229
2.94415
2.94415
2.72918
1.78647
1.78327
1.78327
1.78327
1.493
1.7009
1.49668
1.49668
1.49668
1.49668
1.39589
1.39589
1.39589
1.42384
1.42384
2.16076
1.11781
1.35709
1.35709
1.35709
1.35709
1.35709
1.35709
1.56715
1.85542
1.85542
1.9265
1.9265
1.9265
1.9265
1.68576
1.68576
2.44678
2.84624
2.3545
2.26509
2.26509
2.19359
2.19359
1.36062
1.35882
1.35882
2.65366
2.51073
2.05351
2.05351
2.05351
1.24516
1.70389
1.70389
1.70389
1.70389
1.70389
1.70389
1.70389
1.8946
1.76971
1.77815
1.75179
1.52012
1.52012
1.5508
0.502158
0.502158
0.502158
0.502158
0.502158
0.502158
0.502158
0.461439
0.461439
0.461439
0.461439
0.461439
0.461439
0.461439
1.06253
1.06253
0.833116
1.22355
1.22355
1.22355
1.22355
0.441192
0.441192
0.441192
0.441192
0.441192
0.558602
0.928524
1.42077
1.42077
0.70165
0.70165
1.07267
0.98509
0.444462
0.444462
0.444462
1.81407
1.20232
1.20232
0.508174
0.838164
0.461437
0.461437
0.888128
0.888128
0.704057
0.947998
0.617155
0.617155
1.10924
2.02851
1.76601
1.22581
0.908102
0.908102
0.697881
0.697881
1.49055
2.49535
2.08641
2.08641
2.08641
1.64475
1.82232
1.82232
1.82232
1.91653
1.53825
1.81545
1.62206
1.62206
1.12027
1.12027
1.12027
1.12027
1.4486
1.72767
1.72767
1.72767
0.813686
0.802026
1.51925
1.51925
1.51925
1.46865
1.81912
1.81912
0.943478
0.943478
0.943478
0.943478
0.891826
0.891826
1.17382
1.17382
1.17382
1.17382
1.17382
0.926051
0.926051
0.926051
1.61399
1.61399
1.53231
1.53231
1.53231
1.1709
1.1709
1.1709
1.1709
1.25913
1.25913
1.25913
1.00179
1.52859
1.71761
1.97863
1.95129
1.91276
2.34934
1.77543
1.65812
1.65812
1.97739
1.97739
1.97739
1.97739
1.97739
1.82621
2.14473
2.46027
2.46027
2.46027
2.46027
2.27863
2.326
2.326
2.52555
2.52555
2.16278
2.09895
2.09895
2.14488
2.25498
3.06213
3.06213
3.06213
3.06213
3.06213
2.56968
2.71274
2.90171
2.90171
2.90171
3.00735
2.78932
2.78932
2.77717
2.76202
2.67075
3.15395
3.15395
3.15395
3.20009
2.56403
2.56403
2.5786
2.5786
2.5786
2.05251
2.05251
1.48457
1.48457
2.52269
2.52269
1.55477
2.43546
2.43546
2.28421
2.28421
2.29279
2.16283
2.13156
2.13156
2.13156
2.22466
2.22466
2.89605
1.82969
1.82969
1.82969
1.82969
1.26486
1.26486
1.04499
1.04499
1.04499
1.49755
1.14148
1.14148
2.25841
2.34763
2.5796
2.5796
2.5796
2.5796
1.8347
1.58492
1.62337
1.62337
1.05755
1.05755
1.05755
1.05755
1.05755
1.05755
1.05755
1.05755
1.05755
1.05755
0.915693
0.848047
0.848047
0.848047
0.848047
0.86078
0.413832
0.413832
0.413832
0.413832
0.413832
0.413832
0.413832
0.521202
0.521202
0.521202
0.521202
1.10427
0.696559
1.3762
1.3762
1.3762
1.3762
0.803621
0.803621
1.05493
1.16453
1.16453
1.16453
0.699833
0.699833
0.699833
1.60167
1.60167
1.58851
1.58851
1.93981
1.35849
1.35849
1.35849
1.5854
1.5854
1.5854
1.5854
1.5854
1.62128
1.62128
1.01313
1.5382
1.5382
1.5382
1.47613
1.47613
1.47613
1.52754
1.2059
1.2059
1.6577
1.6577
1.6577
1.28358
1.47604
1.47604
0.723579
0.723579
0.873323
0.873323
0.873323
0.873323
0.873323
0.873323
0.873323
0.33503
0.517618
0.517618
1.33459
0.811726
0.811726
0.811726
0.478681
0.478681
0.478681
0.478681
0.478681
0.478681
0.478681
0.478681
0.478681
0.620294
0.620294
0.620294
0.620294
0.620294
0.620294
0.437351
0.437351
0.721751
2.48642
2.48642
2.48642
1.89812
1.12342
0.193788
0.193788
0.193788
0.193788
0.193788
0.193788
0.193788
0.193788
0.193788
0.193788
0.840061
1.08113
0.564507
0.564507
0.291913
0.291913
0.291913
0.291913
0.291913
0.291913
0.291913
0.291913
0.291913
0.291913
0.291913
1.09226
1.09226
1.62866
1.56572
1.42436
0.46785
0.46785
0.999775
1.275
1.03697
0.83766
1.74872
1.7442
2.10341
2.10341
1.7064
0.817995
0.817995
1.21952
1.21952
1.21952
1.21952
1.21952
0.862214
1.44671
1.37632
1.55273
1.55273
1.91929
1.95939
1.95939
1.48891
1.33666
1.33666
1.35721
1.35721
2.05084
1.31499
1.31499
1.31499
1.31499
1.15371
1.15371
1.15371
2.37167
2.37167
2.98899
3.02711
2.7913
2.75882
2.75882
2.95401
1.35721
2.09681
2.67409
2.67409
2.09034
2.09034
1.17256
0.889183
0.654966
0.962864
0.833563
0.833563
0.469056
0.524846
0.524846
0.524846
0.744435
0.744435
0.744435
1.67891
1.61275
1.61275
1.61275
1.15919
1.15919
1.15919
0.592739
0.592739
1.54404
1.54404
0.489228
0.776767
0.776767
0.776767
1.18635
1.18635
1.08728
1.0947
0.711783
0.711783
0.711783
0.711783
0.711783
0.711783
0.78619
0.78619
0.78619
0.78619
0.78619
1.17275
0.59177
1.0679
1.031
1.031
1.92935
1.79523
1.81679
1.81679
1.74503
1.74503
1.28584
0.421181
0.421181
0.421181
0.421181
0.421181
1.21846
1.21846
0.609029
0.609029
1.52557
1.52557
1.52557
1.32433
2.26634
2.26634
2.40481
2.3197
2.3197
2.3197
2.3197
2.61129
2.61129
2.51001
2.29891
1.18995
1.18995
1.18995
1.18995
1.18995
1.18995
1.18995
1.22837
1.22837
1.22837
1.22837
1.32244
1.32244
1.32244
1.23364
1.23364
1.24673
1.24673
0.935648
2.03999
2.03999
3.38465
3.38465
2.77739
2.56099
2.41646
2.27907
2.27907
2.27907
2.44665
1.56099
1.71259
1.71259
1.19924
1.19924
1.19924
1.19924
1.19924
1.89691
1.42474
1.42474
2.00554
1.73452
1.73452
1.73452
1.77953
1.82404
1.12938
2.0457
1.72512
1.54681
1.60825
1.60825
1.96486
1.19064
1.38077
1.38077
1.38077
0.932647
0.932647
0.932647
0.932647
0.932647
0.932647
1.18167
1.18167
0.702794
1.1515
1.40918
1.40918
0.577333
0.577333
0.577333
0.577333
0.577333
0.577333
0.577333
0.577333
0.691648
0.691648
0.691648
0.691648
0.691648
0.941249
0.941249
0.941249
0.868656
0.413584
0.413584
0.413584
0.413584
0.413584
0.413584
0.413584
0.413584
0.413584
0.413584
0.413584
0.413584
0.413584
0.513327
0.513327
0.513327
0.513327
0.513327
1.2787
1.88971
2.18015
1.78895
1.78895
1.74542
1.74542
1.74542
1.38588
1.46148
1.46148
1.46148
1.82993
1.23425
1.23425
1.12965
1.12965
1.12965
1.26008
1.13321
1.13321
0.866072
0.866072
0.866072
0.981134
0.981134
0.981134
0.981134
0.48024
1.05344
1.74998
1.21299
1.88664
2.43285
2.43285
1.24945
1.09948
1.1943
1.83543
1.83543
0.943762
0.943762
1.38048
1.75968
1.91939
1.59063
1.59063
0.67276
0.67276
0.67276
0.67276
0.882249
0.899665
0.892502
0.892502
0.892502
0.892502
0.892502
0.862896
0.862896
1.05322
0.683451
0.53454
0.53454
0.53454
0.53454
0.53454
0.53454
0.53454
0.53454
0.53454
0.53454
0.53454
0.53454
0.53454
1.16959
1.16959
1.16959
1.16959
1.16959
1.16959
1.16959
1.16959
1.16959
1.16003
1.16003
1.16003
1.16003
1.16003
0.460429
0.460429
0.460429
0.460429
0.460429
0.460429
0.338367
0.822304
0.822304
1.27948
1.27948
1.27948
1.27948
1.00059
1.00059
1.00059
1.2109
1.2109
1.2109
1.2109
1.19965
0.615144
0.615144
1.22237
1.20776
0.796385
0.718036
0.718036
0.718036
0.910934
1.68116
1.68116
0.612553
0.612553
1.11778
2.33709
2.33709
2.33709
2.33709
2.22949
2.50468
2.50468
2.35594
2.35594
2.35594
2.35594
2.89739
2.89739
2.89739
2.92562
3.64441
2.80289
2.6198
3.00634
3.83742
3.83742
3.33981
3.21397
3.05495
2.78321
2.69611
2.69611
2.69611
2.69611
2.21692
1.68365
1.44945
1.44945
2.13724
2.13724
3.41111
2.33563
2.33563
2.33563
2.33563
3.07698
3.07698
3.07698
3.20725
2.91374
2.91374
2.91374
3.05706
3.55465
3.55465
3.05569
3.05569
3.09601
2.72166
2.72166
2.72166
3.34256
3.34256
2.59138
2.60042
2.60042
2.01215
2.01215
2.14835
2.14835
2.18125
2.18125
2.06613
2.06613
2.37888
2.28174
2.28174
2.28174
2.04535
2.04535
1.93206
1.93206
1.93206
1.89121
1.89121
1.89121
1.89121
1.89121
1.32114
1.32114
1.38947
2.15176
2.15176
2.15176
2.15176
2.01162
2.01162
0.947971
2.01471
2.01471
1.66893
1.66893
2.43568
2.43568
2.39497
1.48715
1.65698
1.66379
1.66379
1.66379
1.26731
1.26731
1.40282
1.56176
1.49257
1.49257
1.49257
1.24742
1.24742
1.66799
1.22462
1.22462
0.664333
0.664333
1.11696
1.11696
0.482361
0.482361
0.826969
0.826969
0.826969
0.826969
0.839808
0.733655
0.733655
0.733655
0.809437
1.57115
1.57115
1.66858
1.77125
1.77125
1.77125
2.12561
2.12561
1.70948
2.4951
1.75614
2.02346
2.17236
2.17236
2.26488
2.64709
1.83489
1.83489
2.69477
3.62049
3.0079
2.86004
2.86004
2.86218
2.27373
2.72995
2.12405
2.12405
1.32801
1.32801
2.03925
1.88514
1.54556
1.54556
1.39062
1.39062
1.24879
1.24879
1.24879
1.22771
0.692738
0.692738
0.979069
0.979069
0.913544
0.913544
0.913544
0.422059
0.988219
0.988219
1.34363
1.34363
1.34363
1.5722
2.26898
1.09859
1.09859
1.09859
1.09859
1.09859
1.09859
1.61352
0.729587
0.611484
0.611484
0.743005
0.743005
0.743005
0.743005
0.636026
0.889057
0.542783
1.24518
1.12018
0.998868
0.998868
0.998868
0.959324
0.959324
0.959324
1.1886
1.1886
1.1886
1.1886
1.1886
1.53421
1.92812
1.92812
1.01191
1.01191
1.53351
2.0224
2.0224
2.0224
1.89796
1.89796
2.17448
2.40053
2.06772
2.06772
2.72861
2.72861
2.12395
2.21137
2.13627
2.13627
1.06643
1.06643
1.06643
0.361043
0.361043
0.361043
0.361043
0.361043
0.361043
0.361043
0.361043
0.361043
0.361043
0.361043
1.01883
0.559517
0.331337
0.735782
0.735782
0.426226
0.426226
0.755848
0.755848
0.902195
0.902195
0.902195
1.88503
1.74031
2.28209
1.67747
1.19879
1.19879
1.59567
2.04303
2.39567
2.09851
2.09851
0.640373
0.839784
0.839784
0.828301
0.614407
0.614407
0.360447
0.360447
0.360447
0.568797
0.568797
0.568797
0.644368
1.00601
1.00601
1.00601
0.988676
0.988676
0.776696
0.776696
0.776696
1.29415
1.29415
1.29415
1.55925
1.55925
1.41539
0.484961
1.12871
0.777197
0.777197
0.777197
0.777197
0.777197
0.167877
0.167877
0.167877
0.167877
0.167877
0.167877
0.167877
0.167877
0.167877
0.167877
0.167877
0.167877
0.167877
0.167877
0.167877
1.23355
0.839922
0.839922
0.839922
0.839922
0.775728
0.306894
0.306894
0.306894
0.523844
0.523844
0.591789
0.591789
0.591789
0.70644
1.29479
1.29479
1.03267
1.03267
1.03267
0.86444
0.86444
0.86444
0.86444
0.86444
0.86444
0.86444
0.86444
0.86444
0.86444
0.86444
0.86444
0.86444
0.86444
0.86444
1.65361
1.73058
1.73058
1.73058
1.76789
1.76789
1.76789
2.13491
2.13491
2.16584
2.14844
2.29837
2.20496
1.78913
1.78913
1.78913
2.3617
2.86488
2.86488
2.65827
2.53465
2.53465
2.53465
2.56074
2.56074
2.32342
2.4087
1.9644
2.81767
2.96735
3.28417
1.83745
1.83745
2.35349
2.33875
2.07863
2.07863
2.17109
2.17109
0.969431
1.35629
1.36187
1.36187
1.66537
1.66537
1.66537
1.66537
1.41668
1.41668
1.41668
1.41668
1.41668
1.41668
2.14223
0.699384
1.14294
1.17553
0.66344
0.66344
0.610282
0.849846
0.686126
1.17307
1.36708
1.79843
0.811662
0.953089
0.953089
0.953089
1.16903
0.521326
0.944405
0.944405
0.944405
0.92771
0.784332
0.784332
1.43345
1.43345
0.629733
0.629733
1.17959
1.17959
1.17959
2.38973
2.38973
2.82917
2.82917
2.99889
2.99889
2.37171
2.17132
3.21901
4.12216
4.68397
4.8322
4.59504
4.59925
4.20701
3.46194
3.05106
3.05106
3.05106
3.05106
2.73416
2.73416
2.73416
2.73416
2.73416
2.73416
2.73416
4.13247
4.65542
4.65542
4.27498
4.27498
3.36612
3.36612
3.36612
4.35498
3.58944
3.88948
3.17082
2.92924
3.12745
2.37493
1.01992
1.23582
1.57702
1.57702
1.57702
1.09672
1.09672
2.10579
2.01892
1.86733
1.86733
1.66623
1.75058
1.75058
1.75058
1.75058
0.840997
0.840997
0.840997
0.974303
0.911094
0.911094
0.911094
1.00043
1.00043
1.00043
1.00043
1.00043
1.00043
1.00043
1.00043
2.1296
1.56882
1.92318
2.14737
2.14737
2.37174
1.9326
1.97677
2.67343
3.10207
3.35208
3.35208
3.35208
2.35951
1.71482
1.15915
0.923936
0.923936
0.416103
0.416103
0.416103
0.750808
0.698104
0.698104
0.911708
2.3587
2.19384
2.45949
2.33149
2.33149
2.33149
2.62219
2.62219
2.2357
1.8918
1.8918
1.68212
1.68212
1.68212
1.68212
1.68212
1.46874
1.21428
0.736582
1.10631
1.10631
1.44024
1.44024
1.44024
1.44024
1.1171
1.1171
1.10942
1.36934
1.01711
1.01711
0.865203
0.865203
1.31265
0.828301
0.556585
0.535901
0.535901
0.535901
0.535901
0.535901
0.233906
0.910047
1.23312
1.23312
1.27403
0.794
0.843464
1.14667
1.14667
1.14667
0.774287
0.774287
1.31539
1.31539
1.31539
1.31539
0.593489
0.839967
0.839967
0.758711
0.666709
0.647424
0.647424
0.749985
0.749985
0.749985
0.641978
0.641978
0.781646
1.08116
1.46032
1.85032
1.85032
2.0298
1.97893
1.97893
1.95353
1.91515
3.02891
3.31938
3.31938
3.59451
3.37218
3.38073
3.43829
3.43829
1.96921
1.96921
1.96921
1.96921
1.76082
2.03632
2.21972
2.68297
3.22461
3.30577
3.61808
2.69293
2.69293
2.69293
1.20386
1.20386
1.43578
1.2582
1.217
1.217
0.798426
0.798426
0.798426
0.798426
0.83079
0.60817
0.60817
0.60817
0.60817
0.838516
0.838516
0.838516
0.838516
0.838516
0.838516
0.838516
0.725761
0.725761
0.732394
1.51602
0.738554
0.738554
0.738554
0.738554
0.953201
0.953201
1.69233
1.24645
0.885153
0.885153
0.885153
1.10587
1.10587
2.14238
2.14238
1.9691
1.9691
1.9691
1.74121
1.75128
1.75128
1.75128
1.75128
1.75128
1.75128
1.75128
1.75128
1.75128
0.962295
1.4007
1.03036
1.03036
1.03036
1.03036
1.03036
1.76544
1.76544
1.25345
1.45467
1.45467
1.01892
0.535086
0.535086
0.535086
0.535086
1.35247
0.539892
0.539892
0.539892
1.55864
1.55864
1.17221
1.32003
2.19971
1.93982
2.42579
2.77924
2.77924
2.83052
2.52066
2.52066
2.97038
1.77309
1.77309
1.77309
1.44655
0.877533
0.877533
1.10385
1.10385
0.775384
0.775384
0.854741
0.580184
0.580184
0.756445
1.44755
1.44755
1.40745
2.24544
2.24544
2.24544
1.618
1.618
1.14589
0.808656
0.808656
0.789658
1.42381
1.49895
1.49895
1.49895
1.49895
1.42732
1.5581
1.5581
1.71389
1.4457
1.43416
1.43416
1.43416
1.43416
1.3268
1.3268
1.3268
1.48165
1.48165
0.781149
0.781149
0.781149
0.781149
1.06685
1.06685
1.01297
2.09669
1.57609
1.29175
0.768545
0.768545
1.06437
1.06437
1.06437
1.61139
1.61139
1.7446
1.27612
1.27612
1.27612
1.27612
1.19699
1.19699
1.29858
1.29858
1.29858
1.29858
1.067
1.067
1.067
1.1381
1.1381
1.1381
1.37579
1.37579
1.37579
1.37579
1.74947
1.74947
1.74947
0.946269
0.946269
0.946269
0.946269
1.02193
1.02193
1.02193
1.02193
0.862864
0.862864
0.862864
0.862864
0.862864
0.862864
1.58179
1.03343
2.14794
2.14794
2.14794
2.14794
1.11352
1.05021
0.278783
0.278783
0.278783
0.278783
0.278783
0.454398
0.454398
0.454398
0.454398
0.454398
0.454398
0.454398
0.645942
0.645942
0.861304
1.81234
0.963392
0.653912
0.653912
0.653912
0.459105
0.459105
0.459105
0.459105
0.459105
0.459105
1.04869
0.442406
0.442406
2.27634
2.8247
3.91783
3.91783
4.34441
4.34441
4.28218
3.04104
3.04104
3.04104
3.04104
2.43882
2.26804
2.99313
3.23152
2.64821
2.94879
2.94879
2.73162
2.73162
2.36774
2.18667
2.18667
2.46355
2.25772
2.79046
2.79046
2.79046
2.79046
2.16868
1.93016
1.93016
1.93016
1.93016
1.93016
1.67058
1.67058
2.06336
2.06336
1.88132
2.03661
2.03661
2.06187
2.06187
2.06187
2.08708
2.32339
2.28364
1.66763
1.20594
0.963811
0.756106
1.83478
1.83478
2.49552
2.49552
2.49552
3.28466
2.10923
2.10923
1.71246
2.03964
2.03964
2.03964
1.71168
1.71168
1.71168
1.29052
1.29052
1.42243
1.42243
1.08067
1.08067
1.7205
1.7205
2.03326
1.4529
1.31596
1.15094
0.506452
0.506452
0.506452
1.40566
1.41484
1.01758
0.754348
0.754348
0.754348
0.822067
0.822067
0.924427
0.924427
0.924427
1.20399
1.20399
1.38046
1.94614
1.78761
2.97921
2.73073
2.05345
1.83271
1.83271
1.83271
1.83271
1.83271
1.83271
1.97442
1.8869
1.8869
1.5933
1.03532
1.05512
1.05512
1.05512
1.25343
1.25343
1.25343
1.25343
0.842065
0.842065
0.842065
0.965731
1.60788
1.60788
1.28428
1.28428
1.28428
1.35887
1.45616
0.894334
0.894334
0.894334
0.894334
0.894334
0.894334
0.894334
0.894334
1.61199
1.61199
1.61199
1.8573
1.8573
1.8573
2.20059
2.20059
2.20059
2.20059
2.9468
2.9468
2.28803
2.28803
2.3046
2.43365
2.43365
2.43365
2.506
1.58792
2.68771
2.68771
2.68771
2.68771
2.68771
2.13046
2.80671
2.80671
2.45894
2.53322
2.53322
2.05441
0.637442
0.637442
0.612811
0.287092
0.461641
0.461641
0.461641
0.461641
0.461641
1.44725
0.86965
0.711713
0.711713
1.07204
1.22467
1.22467
1.22467
2.03007
2.80612
2.37147
2.37147
1.8229
1.76907
2.5222
2.5222
2.71059
3.43125
3.15928
3.15928
3.13095
4.01236
4.01236
4.14649
4.14649
4.14649
4.14649
3.3263
3.3263
3.3263
2.87895
2.46382
2.57897
1.50354
1.98366
1.98985
1.93374
2.1352
2.1352
2.19536
2.26834
3.11989
3.38221
3.38221
3.52558
3.16121
3.0137
2.5294
1.03786
1.03786
1.03786
1.03786
1.03786
0.34565
0.34565
0.34565
1.10299
0.723344
0.723344
0.723344
0.805948
0.740753
0.740753
1.3749
0.84064
0.210856
0.210856
0.210856
0.210856
0.210856
0.210856
0.34896
0.34896
0.34896
0.34896
0.376874
0.376874
0.376874
0.376874
1.70186
1.70186
1.70186
1.70186
1.17292
1.17292
1.02612
1.06442
1.38304
1.65882
1.34664
1.34664
2.0511
1.60165
1.60165
1.60165
1.38341
1.38341
1.38341
1.38341
1.38341
1.38341
1.38341
1.41582
1.55284
2.24823
2.24823
2.10954
1.50857
0.764569
1.5914
1.59877
2.28365
2.28365
2.36457
1.89615
1.89615
2.27435
2.27435
2.27435
2.27435
2.53996
2.53996
