3.09118
2.61842
2.61842
2.61842
3.27491
3.27491
3.27491
3.61023
3.61023
3.7675
6.84683
3.48252
5.41803
5.41803
5.41803
2.41658
2.41658
2.41658
2.41658
3.62037
3.62037
4.52332
4.52332
4.52332
3.62582
2.46133
2.27396
5.5978
5.5978
5.5978
5.5978
5.49019
5.49019
5.49019
6.02535
5.46912
5.46912
6.21457
3.87142
3.87142
3.87142
3.62753
3.62753
3.62753
3.62753
4.52958
4.52958
4.18058
3.88346
1.9819
1.9819
1.9819
1.9819
5.26669
5.26669
5.26669
6.98548
7.48947
7.48947
5.5348
5.5348
3.85774
3.85774
3.85774
5.23137
5.23137
5.35
4.78216
4.78216
5.43247
5.43247
2.62503
3.38867
3.38867
3.38867
6.15882
3.33936
3.33936
3.76304
3.582
3.582
3.582
2.20278
2.20278
2.44103
2.44103
5.08221
7.86428
8.16425
8.16425
7.69045
7.69045
7.69045
8.57795
7.18917
5.58022
5.58022
5.58022
5.58022
6.17521
6.17521
5.8848
5.8848
5.8848
5.8848
6.81523
6.42583
6.42583
6.42583
6.42583
4.08139
4.08139
4.08139
4.08139
4.08139
3.50036
3.50036
3.29714
3.29714
3.29714
3.29714
5.03922
2.15354
3.11016
4.72071
4.72071
6.21058
6.21058
6.21058
2.71659
2.71659
3.58849
3.00452
3.00452
3.00452
1.88721
1.88721
1.88721
3.23458
3.39483
1.53746
1.53746
1.80025
3.28104
5.3137
3.5417
2.15571
2.15571
2.15571
3.99447
4.63938
4.19523
1.09188
1.09188
4.03617
4.33811
6.52637
3.55248
3.55248
3.55248
2.1908
2.1908
2.1908
2.1908
2.1908
2.1908
2.1908
2.1908
2.1908
2.1908
3.17025
3.17025
3.17025
3.17025
4.63294
3.8086
3.8086
3.8086
5.07488
5.45441
5.45441
5.45441
5.45441
5.45441
5.45441
5.45441
5.45441
5.45441
5.45441
4.2238
4.75935
4.44028
6.46292
6.46292
6.64928
4.93947
4.93947
3.53224
5.18909
5.5862
3.78499
6.49313
5.29102
4.87819
7.25409
7.72453
7.72453
6.61457
6.10742
5.05599
4.48242
5.72806
3.96786
3.96786
3.84654
2.28254
2.6491
2.6491
3.78333
3.78333
3.78333
3.78333
3.52628
3.52628
4.10278
4.10278
4.10278
4.10278
4.10278
4.10278
4.10278
4.29451
6.20688
6.20688
6.24375
5.32471
5.32471
4.23418
5.45251
5.45251
5.45251
5.56013
7.05017
7.05017
6.49614
6.49614
5.40733
3.69615
3.69615
3.69615
2.62717
2.62717
2.62717
2.83738
2.83738
3.45453
3.45453
3.45453
3.84711
4.15421
5.0711
5.60667
5.66949
5.66949
5.80886
5.80886
5.80886
3.36117
3.36117
3.14278
3.14278
4.59538
1.84877
1.84877
1.44333
1.44333
0.717693
2.48711
4.14518
4.89523
2.99294
2.99294
2.99294
2.99294
2.99294
2.85672
4.36727
3.5719
3.52782
3.52782
3.52782
4.20717
2.97436
2.97436
2.97436
2.97436
5.95808
7.17448
8.35519
8.35519
8.35519
8.35519
7.1536
8.56167
8.56167
7.02105
7.02105
7.02105
7.86558
6.78224
6.78224
4.50541
2.64192
3.20724
3.20724
3.20724
3.20724
3.20724
2.8047
2.8047
2.8047
2.8047
2.9983
2.9983
2.9983
5.51505
5.51505
3.29765
3.29765
3.56996
3.56996
2.54772
3.35255
3.35255
3.05171
3.05171
3.05171
2.65401
2.65401
2.65401
2.65401
2.65401
2.57649
3.6783
3.6783
3.55678
3.55678
3.55678
3.55678
3.55678
3.55678
1.75265
1.75265
1.75265
1.66111
4.19785
2.73292
2.73292
3.09348
3.09348
4.37097
5.85368
3.59264
3.51691
3.26207
3.26207
2.66515
2.66515
2.66515
2.66515
2.66515
2.66515
3.0614
3.0614
3.0614
5.5204
6.11399
6.11399
3.55482
3.65767
3.65767
3.86151
1.34801
3.49974
3.49974
3.49974
3.20357
4.88257
4.88257
4.88257
4.00788
4.00788
7.82128
7.82128
7.82128
7.82128
7.09316
7.93298
7.93298
7.93298
6.34272
6.34272
6.34272
9.32663
8.59706
8.59706
9.80037
7.81875
7.81875
5.72712
5.72712
5.49123
5.49123
5.49123
3.38533
4.16893
4.16893
4.16893
5.59527
2.61795
2.61795
2.61795
2.52464
2.52464
3.21842
4.8929
3.09543
3.09543
3.09543
2.858
3.46414
1.55717
1.55717
1.55717
1.55717
4.4053
5.47876
5.47876
5.95011
5.45669
5.45669
3.9687
4.27765
3.12192
3.12192
3.12192
1.18346
1.18346
1.18346
2.03412
2.03412
3.34592
5.33953
3.12021
3.77127
4.29418
5.19921
3.64114
4.63831
4.49349
5.30231
5.30231
5.30231
5.30231
5.30231
5.30231
3.09579
2.36524
4.00703
4.00703
4.00703
4.00703
4.00703
4.00703
4.00703
4.00703
4.00703
3.12133
5.50523
8.17677
8.54534
7.85702
7.85702
7.85702
7.85702
6.81654
4.02896
2.59499
2.59499
1.2261
3.91225
2.95335
2.54883
2.54883
2.54883
2.54883
2.54883
2.54883
2.54883
3.0555
3.0555
3.0555
3.0555
3.0555
3.0555
3.0555
3.0555
3.0555
3.0555
4.29794
3.08605
3.08605
3.08605
3.08605
6.2709
7.23154
7.23154
7.23154
5.50223
5.50223
6.35145
5.98755
2.19375
2.19375
2.19375
2.1496
2.60198
1.12399
4.75017
4.75017
4.75017
4.75017
4.75017
3.78801
3.21834
3.21834
2.21022
2.21022
3.01557
3.01557
2.62898
2.62898
2.62898
2.89726
2.89726
2.89726
1.72263
4.0466
4.0466
3.97511
5.22187
3.98255
3.98255
4.9205
4.51285
4.51285
5.64736
5.64736
5.64736
7.08613
7.08613
7.5696
7.5696
7.80278
10.2364
9.39036
8.35434
8.68984
9.7601
10.0254
10.3084
7.75852
7.64713
5.74492
7.61714
5.49008
5.49008
5.23173
3.67291
3.67291
4.06287
8.1208
8.1208
8.1208
8.1208
8.9867
9.63392
7.40093
6.28719
6.28719
6.28719
5.54234
5.54234
5.54234
5.23231
5.23231
6.53612
7.12578
3.29542
3.29542
3.29542
3.29542
4.43864
4.43864
4.43864
3.46576
3.46576
2.16058
2.16058
3.09481
3.09481
3.09481
3.09481
3.09481
3.09481
3.09481
3.87062
2.34669
3.30079
3.30079
5.37673
7.77226
7.85449
6.48725
5.36358
6.44631
6.44631
6.46804
6.29151
7.17017
3.24972
3.24972
5.98273
7.23284
7.36566
9.34572
10.5935
9.7582
9.7582
8.9425
8.9425
8.28889
8.28889
8.28889
8.28889
12.2694
11.0639
9.88777
9.88777
9.88777
9.35594
7.44634
7.44634
7.44634
7.23152
6.00401
6.00401
6.00401
6.00401
8.06708
8.06708
6.75173
5.05257
6.4277
6.4277
6.4277
6.19771
6.19771
5.96681
3.52702
3.52702
3.52702
3.52702
3.52702
3.52702
2.6976
4.31571
4.31571
4.31571
4.31571
3.92467
5.78326
7.52298
7.41259
4.47197
4.47197
5.37443
2.11215
2.79921
2.79921
4.4084
4.4084
4.4084
4.4084
2.74841
2.74841
2.74841
4.71083
4.29105
5.75803
5.75803
4.91339
4.91339
3.99329
3.99329
7.10463
5.8105
5.8105
6.62997
6.62997
6.75261
6.75261
6.75261
7.46177
7.46177
6.91638
6.75256
6.75256
6.75256
6.88792
6.20772
6.20772
5.35289
5.35289
5.35289
5.35289
4.63288
4.63288
4.63288
2.0989
3.484
3.484
2.70142
2.70142
1.96989
1.96989
1.96989
1.96989
3.67365
4.60964
5.72479
3.51468
3.16824
3.16824
3.16824
3.16824
3.16824
4.32964
6.22476
6.22476
5.08355
9.66422
9.5316
9.5316
9.5316
9.09458
11.4285
11.4285
11.4285
11.9692
12.9311
12.9311
13.7487
12.4574
11.1432
11.1432
6.76845
6.33257
2.22192
2.22192
2.22192
2.22192
4.49543
4.86344
4.86344
4.00436
4.00436
4.00436
4.00436
4.00436
2.105
2.105
2.105
2.91335
2.91335
3.66131
3.66131
4.37311
2.91931
2.91931
2.91931
2.91931
3.20442
1.57194
1.57194
5.12164
5.86847
6.06063
5.96323
5.96323
4.78103
4.78103
2.35242
2.35242
2.35242
2.35242
2.55936
3.43884
6.23456
6.23456
6.23456
4.34131
4.34131
3.0635
3.0635
3.0635
4.00155
4.00155
3.73124
3.73124
3.73124
3.73124
3.73124
5.56488
6.14808
6.14808
6.14808
6.14808
4.35038
4.35038
3.6231
3.6231
3.6231
2.85996
2.85996
2.39836
2.39836
1.4555
1.4555
1.4555
1.4555
4.83817
5.78222
9.28891
9.28891
9.28891
6.80885
6.80885
6.80885
6.80885
6.40002
6.40002
5.38277
5.38277
3.5735
2.46229
4.6649
6.1771
6.1771
6.1771
6.1771
6.42094
4.75662
4.75662
6.49391
6.75012
8.18806
6.92473
7.09933
9.04076
9.04076
9.8306
9.21148
9.21148
9.21148
9.63461
8.95154
8.95154
10.0538
10.0538
10.0538
8.22798
10.2375
8.33248
7.8463
9.00557
9.00557
8.99381
5.02925
5.02925
2.48334
2.48334
2.48334
2.48334
2.48334
2.48334
5.19846
3.40447
1.69224
1.69224
1.69224
1.72154
2.2578
2.77304
2.77304
1.20063
3.40961
1.31073
1.31073
1.31073
1.31073
1.88305
1.88305
1.88305
1.88305
2.45018
2.16782
4.08868
7.8125
4.76995
4.76995
4.76995
4.76995
4.76995
1.55264
3.19541
2.99077
2.01702
2.01702
2.01702
2.01702
1.77571
1.77571
1.77571
1.77571
1.77571
1.77571
1.77571
1.77571
1.77571
1.77571
1.77571
2.5478
2.5478
2.5478
2.5478
2.5478
5.91272
6.06206
6.06206
6.25506
4.47678
4.47678
4.47678
4.47678
4.4573
3.37917
3.80553
3.80553
4.53994
4.53994
4.2083
4.2083
4.2083
4.2083
4.2083
4.2083
4.2083
4.2083
4.2083
4.2083
4.2083
4.28807
3.43635
3.10966
3.10966
1.59249
1.59249
1.59249
1.78113
3.08012
3.08012
2.88582
2.42571
2.42571
2.42571
2.42571
2.42571
2.42571
3.76895
2.48527
2.48527
4.71489
2.02616
2.1265
2.1265
2.1265
2.35463
4.83013
4.83013
4.83013
4.83013
5.53199
7.20079
5.81438
5.81438
6.22102
5.64205
5.0879
5.33338
6.69484
7.3689
7.3689
7.3689
6.604
6.96986
7.42584
7.42584
7.42584
7.18479
7.18479
4.78712
4.78712
4.92647
4.92647
4.85739
5.10019
3.6661
3.6661
4.26577
2.30494
2.30494
2.30494
2.30494
2.30494
2.30494
2.30494
2.30494
2.30494
4.74359
4.06223
4.06223
4.06223
2.90759
2.90759
5.02535
4.41542
4.41542
4.41542
4.41542
6.31435
6.31435
6.07237
1.96289
2.16782
6.34076
7.28235
7.28235
4.90922
4.90922
3.93304
4.14728
4.14728
5.66684
5.66684
5.66684
5.66684
7.70703
5.8538
3.58829
5.97543
5.97543
5.97543
5.97543
5.97543
4.26355
4.26355
1.65009
1.65009
3.62705
3.62705
3.62705
3.33608
2.44688
2.44688
2.44688
2.44688
4.04618
4.04618
4.22701
4.35527
4.35527
7.55028
7.55028
8.23606
8.42868
8.44726
7.18965
5.99528
5.74932
4.31577
3.97084
3.19536
3.19536
3.19536
3.43035
3.43035
5.87406
6.50008
5.27725
3.80364
3.80364
3.80364
2.1755
2.1755
2.1755
2.1755
2.1755
2.1755
1.96944
1.96944
3.16619
3.96241
4.83495
4.83495
5.26989
5.16386
5.16386
5.38577
6.8533
5.46022
3.46581
3.46581
4.61872
4.61872
5.45897
6.30901
4.25685
4.9643
4.30656
3.50546
3.3313
3.3313
3.3313
3.3313
3.3313
3.3313
3.3313
3.3313
6.03344
5.71371
8.70016
5.2126
5.2126
4.04453
4.3449
2.67338
5.16678
5.16678
5.16678
5.16678
6.93326
6.93326
6.93326
5.03414
3.7978
3.7978
5.79298
5.79298
5.79298
7.32363
4.93089
4.93089
5.33014
7.97822
6.56569
6.56569
6.56569
8.92427
8.92427
8.92427
8.92427
9.73847
9.73847
9.73847
7.95796
7.03802
3.80843
4.29237
4.29237
4.29237
4.9588
4.9588
5.82464
3.28432
3.94116
6.00158
6.06386
6.06386
6.06386
6.06386
6.06386
6.06386
6.06386
5.84069
5.84069
7.05381
7.05381
7.55896
7.82532
7.82532
7.82532
7.82532
7.82532
6.92131
6.92131
6.92131
3.9709
5.37307
3.38332
3.38332
2.72099
5.36974
5.68715
5.68715
6.27115
6.27115
6.46415
6.46415
6.46415
6.46415
6.46415
6.46415
6.46415
5.74688
3.33123
3.33123
5.44055
5.44055
3.67359
5.24662
3.52068
3.52068
2.67446
1.79007
5.59518
5.59518
5.59518
5.59518
5.32608
4.33144
4.33144
2.38045
2.38045
4.89339
3.46474
3.46474
4.38767
4.38767
4.38767
4.30611
3.95867
2.08833
2.08833
6.9439
7.88717
7.88717
7.88717
8.76017
7.98332
7.36229
7.36229
10.2909
8.81993
9.21634
7.45576
7.45576
7.45576
5.5703
5.5703
5.5703
4.59344
4.94153
4.94153
4.94153
5.83156
5.83156
5.54191
6.85267
5.39772
5.71971
5.93888
7.07633
7.07633
7.07633
7.07633
4.62674
4.18749
4.18749
4.99197
4.99197
4.23616
1.64373
4.24584
3.26969
3.26969
3.26969
4.46735
4.46735
4.46735
4.53842
4.53842
5.40633
7.77257
7.77257
9.39017
9.39017
8.12684
8.12684
10.9873
9.91657
9.13872
9.13872
7.444
7.27581
7.29437
7.29437
7.63438
7.68059
7.9736
7.9736
7.9736
8.53876
8.53876
8.97486
8.29948
8.29948
8.29948
6.68566
6.68566
6.68566
8.31807
8.31807
10.2124
8.49895
8.49895
8.49895
9.10962
11.7322
6.7103
6.58672
6.69744
7.41416
7.41416
7.41416
7.41416
7.41416
7.41416
7.41416
7.41416
5.12622
5.12622
1.7429
1.15474
4.11406
1.39424
1.39424
3.53187
3.53187
6.78803
5.38072
6.19022
6.19022
6.53896
6.70483
6.70483
5.07329
2.29093
2.29093
3.75638
3.40842
4.38054
4.38054
4.38054
4.38054
4.38054
4.38054
4.39695
4.39695
4.16149
4.16149
4.16149
4.16149
4.16149
4.34398
5.65168
4.48473
3.05938
3.05938
3.05938
2.45442
2.2397
2.13454
3.23855
3.70089
3.70089
4.80761
4.80761
4.80761
4.80761
4.95442
4.95442
4.95442
4.95442
4.81907
5.93093
6.25804
5.98076
5.98076
5.98076
4.18366
4.18366
7.23873
8.3443
6.13418
5.59979
5.96553
7.26387
4.39712
4.73141
4.73141
3.95916
3.85908
3.85908
3.32054
3.32054
2.46714
2.69713
2.69713
4.79887
4.79887
4.79887
4.27018
4.27018
4.00253
4.00253
4.90368
4.89252
4.89252
5.09981
5.09981
4.53843
4.13511
3.59706
4.34101
4.34101
6.00089
3.06436
3.42868
3.42868
3.42868
3.42868
3.42868
3.42868
3.42868
1.86435
2.11355
4.42934
5.96856
5.82221
5.82778
2.54554
2.54554
2.54554
1.60124
1.60124
1.60124
1.60124
3.60586
3.32149
3.32149
4.49357
5.74198
6.6126
4.24183
1.7183
1.7183
1.7183
1.7183
1.7183
2.59786
2.59786
1.04765
3.45919
2.58064
2.54473
2.59316
2.59316
2.59316
2.59316
1.62252
1.41155
1.9209
1.8908
4.20311
4.20311
4.20311
4.20311
3.65416
3.65416
3.65416
3.43265
3.18958
3.18958
3.18958
3.18958
3.18958
3.79655
4.7449
4.7449
4.7449
6.95269
6.95269
6.20685
5.77762
5.77762
6.13661
6.13661
3.99321
3.99321
3.99321
4.26908
4.26908
4.66571
4.66571
4.22933
5.4729
7.27723
9.69052
9.69052
9.69052
9.69052
7.56459
9.35495
8.54668
8.54668
9.6275
9.6275
9.6275
7.22428
8.96731
7.43247
6.51704
8.06376
8.06376
8.06376
8.06376
8.06376
8.06376
7.50475
5.84118
5.84118
5.84118
5.84118
5.84118
5.84118
3.24826
3.24826
3.24826
2.31294
2.31294
2.34679
2.34679
5.30042
5.30042
5.30042
5.9674
6.26253
6.33934
1.10759
3.33881
3.92282
3.92282
1.34114
1.34114
4.17296
4.91977
6.17571
5.85082
5.85082
5.85082
5.85082
5.15212
5.15212
8.11201
4.2163
4.2163
4.2163
3.5028
2.95304
3.55295
2.74578
2.74578
1.98429
1.98429
1.98429
4.3623
4.3623
1.55917
2.49111
2.49111
5.20528
5.20528
5.20528
5.20528
5.20528
5.20528
5.20528
5.90136
5.90136
7.02967
6.43584
6.43584
6.43584
6.43584
5.97548
5.97548
5.97548
4.71854
5.9807
5.9807
4.22491
3.56101
4.97177
5.45624
4.98429
4.98429
4.54421
6.22585
3.47098
3.96955
3.96955
3.96955
3.88385
3.99161
3.99161
3.99161
3.99161
3.99161
4.40964
4.40964
4.40964
5.40309
6.00283
3.60782
3.60782
3.30657
3.30657
2.87592
1.35505
1.35505
1.35505
2.42467
2.50562
2.50562
1.86897
2.05783
2.05783
2.76386
2.76386
4.9805
4.9805
4.59351
4.59351
4.53705
2.11612
2.11612
2.11612
2.11612
2.73174
3.92171
3.92171
3.92171
4.12061
4.90955
6.13223
7.67592
7.17735
7.17735
8.81094
8.81094
8.81094
8.81094
8.81094
8.8026
8.47793
8.47793
9.54102
9.20098
9.77518
9.77518
7.6909
7.6909
7.6909
7.6909
6.8242
3.92039
2.98613
2.98613
2.98613
2.19785
2.19785
2.27464
2.27464
2.27464
2.27464
2.27464
2.27464
2.27464
2.27464
2.27464
0.747053
0.747053
0.747053
1.59508
1.59508
1.59508
1.59508
1.59508
1.59508
2.2701
2.47345
2.47345
2.47345
2.47345
2.47345
2.16585
2.17054
3.83421
3.83421
4.03228
4.96891
4.78188
3.23407
5.4879
5.4879
5.97859
5.97859
5.32156
5.32156
5.06543
5.06543
4.48125
8.1062
8.1062
8.94267
8.94267
8.96203
9.89412
10.0121
8.10428
8.10428
5.06276
5.05129
5.05129
5.05129
6.45022
6.45022
6.03041
5.15915
5.15915
4.65634
4.65634
4.34051
3.3004
5.34088
5.30239
4.79907
4.79907
3.71731
3.71731
3.75598
2.59676
4.51975
6.58791
5.68837
4.48529
4.48529
5.64452
3.67763
3.70131
3.70131
4.10525
4.10525
6.45785
7.04667
7.04667
7.04667
6.08572
6.18337
6.18337
7.20583
7.20583
7.20583
4.19732
4.19732
4.19732
1.97219
1.97219
1.97219
1.97219
1.97219
1.97219
2.77669
2.77669
2.77669
2.77669
2.77669
1.89679
1.89679
1.89679
1.89679
1.89679
1.89679
1.89679
1.89679
1.89679
1.89679
1.89679
4.02707
4.2386
4.93689
3.78278
3.82226
3.82226
3.82226
3.06296
3.84
5.09065
5.09065
5.09065
7.40647
7.47854
7.47854
7.47854
7.47854
7.47854
5.82344
5.82344
3.18691
3.18691
3.18691
3.18691
3.18691
2.27149
3.05735
3.05735
3.05735
5.59101
2.60443
2.60443
2.60443
0.89143
3.09535
2.93088
3.65302
3.65302
2.18894
2.18894
2.76387
2.76387
2.69575
2.69575
2.69575
2.69575
2.69575
1.48444
1.48444
1.87027
1.87027
4.01918
4.01918
3.89657
3.89657
3.31751
3.31751
2.05709
2.05709
3.18129
3.18129
3.18129
3.18129
3.20714
3.20714
3.20714
3.23315
3.23315
3.29122
3.29122
1.9515
1.9515
2.76599
2.76599
2.76599
4.06113
4.5492
4.79432
4.79432
4.79432
4.79432
3.74712
3.74712
3.76395
3.76395
4.8946
4.62964
4.10945
4.10945
4.10945
5.82979
5.82979
5.27155
5.4428
5.4428
6.84244
6.87194
6.87194
8.25089
11.9277
11.9277
11.7868
11.1984
11.498
11.2807
10.2735
10.4964
10.8554
11.8883
11.8883
10.9953
11.3003
11.3003
11.3003
11.3003
11.3003
11.3003
11.7887
11.7887
13.1314
10.9017
10.9452
10.3744
10.3744
10.3744
9.63984
7.19212
7.19212
7.65435
7.65435
7.0649
7.75471
5.79023
4.78854
4.3107
2.98388
5.61973
5.61973
5.61973
5.61973
5.61973
4.86083
4.11372
4.11372
4.11372
4.11372
3.1243
5.02019
5.02019
5.02019
5.02019
5.02019
5.02019
4.04078
4.64133
4.64133
5.28111
4.52152
4.43308
4.74029
5.00368
5.00368
5.00368
4.09628
3.70587
3.70587
6.66324
6.66324
7.47592
5.41902
5.41902
5.41902
5.41902
5.41902
4.02323
3.41895
5.88431
2.1962
2.65699
5.90673
5.90673
5.90673
5.59221
3.67126
3.67126
2.45871
2.45871
3.35972
3.27553
3.27553
3.27553
3.27553
3.27553
3.23727
2.79167
2.79167
6.15212
7.19595
7.42045
8.95733
7.16255
3.96805
3.96805
3.96805
3.96805
3.96805
5.23767
4.56059
4.87808
4.87808
4.67643
4.3831
4.3831
4.3831
4.3831
4.3831
4.84438
3.55312
3.55312
3.55312
3.55312
3.55312
3.55312
3.55312
3.75372
3.75372
3.75372
3.75372
3.75372
3.75372
4.53398
4.14516
1.97659
2.78047
2.78047
3.26488
3.26488
6.95012
6.63628
6.66209
6.66209
4.98407
4.91774
4.91774
4.91774
6.25667
5.70942
5.70942
5.70942
5.30912
5.09917
3.92843
3.92843
3.92843
6.6014
8.19914
7.97822
4.81896
4.81896
4.81896
5.82602
5.74368
5.74368
5.45522
5.45522
6.09676
4.58273
2.72333
2.72333
2.72333
2.72333
2.72333
2.72333
2.72333
2.57137
4.16448
2.25263
2.25263
1.17949
6.18159
4.50212
4.50212
4.50212
4.50212
4.73032
4.73032
3.49426
2.46879
2.46879
2.46879
2.46879
2.46879
2.46879
3.64076
3.47225
3.9581
3.9581
4.14795
4.14795
5.73499
5.73499
5.94303
7.00911
7.00911
7.00911
7.00911
4.84661
5.39422
5.39422
5.39422
5.98309
5.52658
5.52658
5.52658
5.52658
5.52658
4.76891
3.5058
3.5058
7.55227
6.84988
6.84988
6.84988
5.70766
5.70766
5.03343
4.85582
6.8977
7.43704
7.69824
7.69824
7.69824
6.81373
5.7542
5.7542
5.7542
3.5334
2.88297
2.88297
0.907949
0.907949
0.907949
0.907949
0.907949
2.78721
5.10136
5.10136
5.10136
5.10136
4.53971
6.13149
6.13149
6.13149
4.14125
1.81615
4.15107
3.66444
3.66444
4.67075
4.67075
4.67075
4.67075
5.45099
3.66159
6.45834
5.93372
6.57951
8.33212
8.33212
5.59302
6.15874
6.97852
7.14746
7.14746
7.14746
7.14746
7.14746
7.14746
6.92709
6.92709
6.92709
5.8141
5.8141
4.02257
1.56076
1.56076
1.56076
3.09862
3.09862
3.54398
3.54398
4.60981
4.7671
4.05009
2.8132
3.04197
3.51514
3.51514
3.13512
3.13512
3.13512
2.43026
2.43026
2.43026
1.41294
1.85749
2.11522
2.11522
2.11522
3.97153
3.97153
5.01847
4.73568
3.60084
3.60084
2.08986
2.08986
1.5178
1.5178
1.5178
1.5178
1.5178
1.5178
5.28072
5.28072
5.28072
4.23337
6.42065
6.42065
7.35429
7.35429
7.35429
10.7366
12.4693
12.5566
12.5566
12.6718
12.6718
12.6718
12.6718
11.3347
11.1198
11.1198
11.1782
11.1782
10.7487
10.3382
9.51086
8.70347
8.70347
5.24991
5.24991
3.05149
3.05149
3.05149
5.22827
5.97797
5.97797
5.97797
3.91278
1.35997
1.35997
1.35997
1.35997
2.61397
2.61397
2.61397
2.61397
2.61397
1.915
2.56453
2.56453
2.56453
2.56453
2.56453
2.56453
2.56453
3.81177
1.2126
3.07809
3.07809
3.07809
3.16855
3.16855
3.16855
3.16855
3.16855
3.16855
3.16855
3.16855
3.16855
3.16855
4.27505
4.27505
3.5284
4.6685
4.6685
4.6685
4.6685
4.6685
5.74281
6.00533
6.00533
6.00533
5.28154
3.44485
5.14898
3.37787
3.37787
3.27783
2.15537
2.15537
2.15537
1.54735
2.95567
2.95567
2.36199
4.1442
5.86843
5.96016
6.18939
4.67701
4.77839
5.35009
5.35009
5.50882
4.14691
5.23465
5.23465
5.23465
3.96825
3.57074
3.90111
3.90111
3.90111
2.72239
2.72239
2.72239
2.0857
2.77114
2.77114
2.77114
2.77114
3.03151
3.03151
3.03151
3.03151
5.56288
5.21468
2.42177
3.78246
3.78246
3.01665
2.99159
2.99159
3.49136
3.49136
3.49136
1.96283
3.91058
3.02644
4.77246
4.28784
4.28784
4.28784
4.28784
4.28784
4.23393
4.23393
5.6251
6.16554
4.16397
4.16397
4.41006
4.31567
4.31567
4.21826
4.71466
4.71466
4.71466
6.45948
5.58372
5.58372
5.58372
4.43634
4.51518
4.51518
4.51518
5.03526
5.03526
5.76756
5.76756
6.82982
6.23501
6.23501
6.23501
6.23501
6.23501
6.23501
4.7365
4.7365
4.7365
4.5185
4.5185
4.5185
4.5185
1.80377
1.80377
1.56581
0.7054
5.29971
5.29971
4.09675
4.54335
5.34224
8.27982
8.27982
6.24399
6.24399
6.24399
7.58789
4.04173
4.04173
3.0565
3.0565
3.85084
3.85084
3.85084
3.85084
3.85084
5.34099
4.61539
4.61539
4.61539
5.11929
5.11929
5.11929
5.11929
4.57014
4.57014
4.45699
4.45699
4.45699
5.23557
5.23557
5.23557
7.06311
7.06311
4.75208
4.75208
4.75208
4.75208
4.75208
4.75208
5.22786
5.22786
5.22786
5.42274
4.7612
3.98941
5.12917
5.12917
5.12917
5.10917
5.90332
6.63567
6.63567
6.63567
5.92493
5.92493
2.75429
2.75429
3.46108
3.46108
3.46108
4.43434
3.2817
3.14767
3.14767
3.7462
3.7462
3.37985
4.30668
4.30668
4.42987
4.29801
3.16665
3.16665
3.16665
4.34439
3.51453
2.60799
2.81345
2.87661
2.87661
2.87661
2.87661
3.07281
3.07281
3.07281
3.07281
1.00977
1.94763
1.94763
1.54894
2.93211
2.93211
2.93211
2.93211
2.93211
2.39202
2.39202
2.39202
2.39202
2.46179
4.20188
4.20188
1.99163
1.99163
7.70424
7.70424
7.70424
7.70424
7.70424
10.7215
10.7215
9.32717
7.88535
10.3635
9.64926
9.4825
9.4825
9.4825
9.4825
9.4825
9.4825
9.4825
9.4825
9.4825
9.4825
9.4825
10.3343
8.97459
6.88669
6.33265
5.59027
4.70498
4.70498
4.70498
4.34825
4.49733
4.49733
3.9135
4.84227
4.84227
4.84227
5.70617
5.70617
5.70617
9.04599
7.79465
7.65134
5.99823
6.32338
4.75875
4.75875
4.95574
4.95574
4.95574
4.95574
6.37354
5.55334
6.75452
5.23907
4.34061
4.34061
4.34061
4.34061
5.68361
4.52211
4.06157
4.06157
4.06157
4.06157
4.06157
4.06157
4.06157
4.13792
4.94877
6.54593
6.86011
6.86011
6.86011
6.94382
5.92936
6.10252
6.10252
5.80733
5.80733
5.80733
5.4627
6.2174
6.2174
6.0356
4.2261
4.89483
5.28558
5.28558
4.7001
2.64789
2.64789
2.64789
2.64789
2.64789
2.64789
2.48028
2.48028
2.48028
2.48028
2.53176
2.53176
2.71577
2.71577
2.71577
2.71577
4.26566
4.26566
4.26566
4.26566
4.26566
4.26566
2.26595
2.26595
4.24099
4.24099
4.24099
4.8418
4.8418
3.39952
3.14939
3.07759
4.92193
4.81331
5.96272
3.12966
5.87637
5.87637
5.75153
7.15888
7.15888
7.15888
7.15888
6.71902
5.75463
4.24195
4.24195
1.86217
1.4522
1.4522
4.56211
3.46737
3.46737
1.2636
4.2002
4.2002
4.2002
3.95617
3.95617
4.37731
4.37731
4.71409
3.28305
3.28305
3.28305
3.28305
3.28305
3.28305
3.66234
3.66234
5.28095
5.28095
5.28095
5.3395
5.3395
5.3395
5.3395
3.56186
4.44206
4.44206
4.44206
2.58993
2.58993
2.91953
2.45786
2.45786
2.45786
2.45786
2.45786
3.63689
3.63689
3.63689
5.31958
5.31958
5.5476
5.5476
6.64982
7.16898
7.16898
3.49979
2.02613
2.02613
2.02613
2.62179
2.98799
2.98799
2.98799
2.98799
2.98799
4.3897
4.12614
2.94829
3.99156
3.99156
3.99156
5.03141
5.03141
3.47405
3.47405
2.82349
2.82349
3.28251
3.28251
3.46461
4.76198
4.5156
4.5156
4.5156
4.5156
3.50159
3.89237
5.55128
6.17073
6.38776
4.61851
4.61851
4.517
4.517
3.48339
3.48339
4.20661
4.20661
5.36389
5.36389
7.12136
7.12136
5.93997
5.62257
5.62257
5.62257
5.62257
4.70728
4.70728
4.51296
4.51296
4.51296
4.51296
4.28368
4.28368
4.76673
4.76673
3.7768
3.56906
3.56906
1.87882
1.87882
1.87882
1.87882
2.91114
5.44032
5.44032
5.88068
5.88068
5.88068
5.19726
5.19726
6.02729
6.3255
6.3255
4.44301
4.44301
6.55196
6.55196
5.75192
7.02637
5.10927
7.68912
6.29068
3.77327
4.71458
4.71458
4.71458
5.64315
5.84958
5.84958
5.84958
6.18575
6.59181
6.45405
6.45405
6.45405
6.45405
6.45405
6.60253
5.58936
4.57883
4.14889
4.14889
4.14889
4.14889
3.59269
3.91116
3.96922
3.96922
2.70259
2.70259
2.70259
2.70259
2.70259
3.2181
3.57792
3.03361
3.03361
3.03361
3.03361
3.03361
3.03361
3.03361
2.20567
2.20567
3.84083
4.98557
4.98557
4.17836
4.17836
4.51046
4.51046
3.32221
3.32221
2.71992
2.71992
2.71992
3.643
5.29803
5.62575
5.62575
5.62575
5.62575
4.02143
6.12112
6.12112
3.93383
3.93383
3.27401
3.27401
2.57454
2.57454
2.57454
2.57454
2.57454
2.57454
2.57454
2.57454
3.63254
3.63254
3.63254
3.63254
3.63254
3.71147
3.69913
3.69913
3.69913
6.04974
6.04974
5.30569
5.30569
5.30569
5.30569
5.30569
5.30569
5.30569
5.30569
5.30569
5.02581
4.77135
3.25094
3.25094
3.25094
3.25094
3.25094
3.25094
3.25094
3.25094
5.04953
5.04953
4.84419
4.59014
4.59014
4.10395
4.10395
4.14864
4.14864
4.87574
7.08892
4.924
7.29812
7.29812
7.29812
6.28299
3.71069
3.71069
3.85048
3.85048
3.85048
3.85048
3.85048
4.5365
4.13358
4.13358
3.75244
3.75244
3.75244
3.75244
3.75244
6.46127
3.52518
3.52518
3.52518
2.30464
3.63408
2.90511
2.90511
2.90511
2.90511
2.90511
2.90511
3.88588
4.91578
4.096
5.03986
5.03986
4.82391
4.82391
4.82391
4.82391
4.55411
4.55411
5.03869
4.9226
6.3239
6.46823
6.69024
6.32172
8.65332
6.44404
6.44404
6.94886
8.36772
8.36772
7.54607
5.62506
5.62506
5.62506
5.74163
5.74163
4.52838
4.59715
3.50134
3.50134
4.1426
5.53809
3.16819
6.205
6.74036
6.74036
6.47346
6.31468
8.3009
8.18801
8.08037
10.801
12.4437
12.4437
11.2242
7.40813
7.2811
7.27042
5.61824
6.31584
6.31584
7.25155
4.96241
7.2134
8.44133
8.44133
8.9205
8.05243
8.25324
8.94203
8.94203
8.94203
8.94203
8.11495
8.11495
8.11495
8.11495
10.832
8.71347
7.02205
8.50142
8.38468
8.11037
5.05083
5.05083
5.05083
5.05083
3.98224
3.98224
4.67079
5.7525
5.7525
4.29416
2.75093
1.7677
2.95992
2.95992
3.30416
4.3037
4.3037
4.3037
4.3037
4.3037
4.3037
1.96676
1.96676
4.73683
4.73683
5.95078
5.60715
5.60715
5.60715
5.60715
5.60715
7.18864
5.64871
6.36338
6.36338
5.11273
5.83931
5.83931
5.83931
3.87864
5.66533
5.66533
4.42143
4.07326
7.1424
5.95933
5.95933
5.95933
5.95933
4.53589
4.53589
4.53589
6.81002
6.42164
6.42164
5.50214
6.64568
6.64568
4.80998
6.37519
6.37519
6.37519
6.37519
6.37519
6.37519
7.26289
4.24821
1.89202
1.89202
1.89202
3.32439
3.32439
3.32439
3.32439
2.42008
2.42008
2.42008
1.9724
2.09532
2.09532
2.09532
2.09532
2.10575
2.91356
2.91356
3.37965
1.75186
1.75186
2.90714
2.90714
2.90714
2.90714
2.90714
2.90714
2.90714
3.84092
2.36287
2.36287
2.36287
2.36287
2.36287
2.36287
4.65226
4.65226
4.65226
4.45144
4.45144
2.34601
2.34601
4.59182
5.27624
6.66361
7.5417
6.89253
4.87291
4.76654
6.11807
6.11807
6.11807
6.11807
7.60834
7.60834
4.66674
5.16984
5.75954
5.75954
5.75954
5.75954
6.31743
6.31743
7.07167
8.22906
8.22906
8.22906
8.22906
10.7325
10.7325
9.52993
9.00562
9.00562
9.58725
9.58725
9.58725
9.58725
12.7637
10.014
8.7196
5.5984
3.87214
3.87214
3.87214
3.72528
3.72528
4.6326
4.6326
6.38963
6.38963
7.63434
7.63434
6.89814
6.45346
6.45346
6.45346
6.45346
6.29291
5.29162
5.29162
5.29162
5.29162
4.33011
4.33011
4.01643
6.59856
6.59856
5.39693
5.39693
5.39693
5.39693
4.63532
9.51471
8.47199
8.01466
8.01466
8.01466
8.23764
6.84848
5.57975
5.57975
4.9867
4.9867
4.84392
6.14184
8.0334
5.02135
4.864
4.864
4.91121
4.91121
4.91121
4.91121
4.91121
2.00401
4.20668
4.20668
4.62195
4.62195
4.62195
4.62195
4.62195
6.68591
7.19143
8.05954
9.22988
9.22988
9.22988
9.22988
9.56602
8.81517
8.5714
8.5714
7.75689
9.00222
9.00222
9.00222
9.00222
9.00222
9.00222
9.00222
5.89656
4.60227
3.29186
3.29186
3.13361
3.55645
6.11681
7.73998
5.88873
4.74753
4.74753
2.73949
2.73949
3.58748
5.67298
5.62012
5.23102
5.23102
6.72495
6.72495
6.72495
6.72495
6.72495
6.45473
7.80911
7.94611
7.94611
9.92172
6.84505
4.32804
4.32804
4.83261
4.83261
3.75943
3.75943
4.14403
4.15541
4.15541
5.93623
5.93623
5.03797
5.03797
5.03797
4.62582
4.62582
6.94836
6.94836
6.09982
4.94965
6.68136
6.68136
6.68136
8.64794
8.64794
8.64794
8.64794
8.69569
8.69569
8.69569
8.69569
9.60083
9.60083
6.76259
6.88235
7.88301
6.99022
5.50594
5.14003
4.66307
2.97844
2.97844
3.58575
3.58575
6.49016
7.06489
7.06489
4.36628
4.36628
5.00087
3.80132
5.06077
4.95686
4.95686
4.95686
5.15615
5.15615
5.15615
5.15615
5.15615
5.06401
2.76925
2.76925
2.76925
3.91365
4.01186
4.01186
4.61822
5.08973
4.53192
8.5413
8.5413
8.09551
8.75276
6.87604
7.12872
7.12872
8.46165
7.93597
8.67465
8.67465
8.67465
9.21217
6.87806
6.87806
7.59723
3.98266
4.89311
6.24757
3.00455
2.05109
5.21515
5.21515
4.54691
2.67774
2.67774
3.98904
3.50247
3.50247
3.50247
3.50247
4.64457
5.15847
5.15847
5.02856
5.02856
5.95695
1.16455
1.16455
1.16455
1.16455
1.16455
1.16455
1.16455
2.89582
2.89582
4.0102
4.0102
5.76468
7.13001
4.4582
4.4582
4.38514
4.38514
3.54618
4.688
5.34363
5.34363
5.34363
5.80623
5.78354
5.78354
5.78354
5.78354
5.78354
5.78354
3.68695
3.68695
3.68233
4.43058
6.18292
6.18292
6.18292
6.18049
6.4774
6.73805
6.73805
7.37095
5.1643
3.36798
3.36798
4.05786
4.63729
3.58481
6.42764
6.42764
5.33067
5.33067
5.33067
8.11674
8.11674
7.76284
7.0829
5.28373
4.33505
4.1209
4.1209
6.94696
6.72733
3.51303
6.13021
6.13021
7.42135
6.85687
6.85687
6.7055
6.79527
5.74903
6.36223
6.52348
5.81152
7.9119
8.99885
8.99885
8.99885
7.17987
9.08941
8.73469
8.03782
8.03782
8.03782
7.02901
5.45664
5.45664
7.68039
7.99803
7.99803
7.60353
8.53086
8.63826
7.30652
4.82258
4.82258
4.82258
2.92339
4.3349
4.3349
4.3349
4.3349
4.1045
4.89921
4.33891
4.33891
4.33891
5.48981
6.40488
5.63133
5.63133
4.389
2.52208
2.52208
2.52208
2.52208
2.52208
3.29977
4.30961
4.30961
4.30961
4.30961
4.30961
4.30961
2.8642
1.87065
3.92635
2.65504
2.95517
2.95517
2.95517
2.85599
2.85599
2.85599
2.75306
1.73923
4.02575
4.19465
3.93648
3.93648
6.77107
6.77107
6.19457
4.80955
4.80955
5.36886
3.30854
3.30854
3.30854
3.30854
3.30854
6.01861
2.48968
4.41211
4.87223
4.87223
4.87223
5.69141
3.53009
3.53009
4.33875
4.33875
4.33875
4.33875
4.33875
4.33875
4.33875
3.37668
3.37668
3.37668
2.63016
2.63016
2.63016
3.44053
3.44053
3.44053
3.44053
3.46846
3.75952
3.75952
4.08476
4.08476
4.08476
3.5043
2.73188
3.03009
3.16578
3.16578
4.19621
5.56264
6.63392
6.63392
5.15157
4.71833
4.71833
5.73869
6.04271
6.39576
6.39576
6.39576
6.39576
6.39576
7.77113
7.77113
6.37244
6.37244
6.76658
7.28261
7.1344
7.73568
8.42375
8.42375
9.73401
9.73401
9.73401
9.73401
9.73401
10.9072
10.8389
10.8389
10.8389
11.8669
11.8669
12.5616
11.0725
11.0725
11.0215
11.0215
7.89513
7.89513
6.21069
2.76155
3.47577
3.47577
3.47577
3.47577
3.47577
3.47577
3.05805
3.05805
3.05805
5.31676
6.33729
6.33729
6.49845
2.88652
3.40964
3.83866
3.83866
3.83866
3.83866
3.83866
4.45786
4.429
4.97855
6.23391
4.67292
4.09441
4.09441
4.09441
4.09441
4.31146
4.31146
4.31146
4.31146
4.6367
5.39901
5.25537
4.17029
4.12097
4.12097
4.12097
4.12097
5.87378
6.3426
4.61908
4.61908
4.61908
4.74075
4.74075
4.74075
4.74075
3.1297
6.00122
4.57873
3.09634
5.50325
5.50325
5.50325
4.56796
4.56796
3.44364
3.44364
6.70533
5.93294
4.85114
2.03876
2.03876
2.59322
2.59322
2.59322
2.26001
2.92383
2.92383
2.92383
2.92383
2.92383
3.5533
5.27909
5.27909
3.05184
5.05268
4.61075
4.61075
4.61075
4.86304
4.86304
4.57641
4.57641
4.57641
2.8729
1.74292
1.71872
4.11444
4.11444
3.89124
7.46721
8.23744
7.30589
5.89332
7.1379
7.1379
9.06472
7.71061
8.83995
8.83995
8.83995
7.70982
8.36225
7.73209
7.73209
6.61201
6.61201
6.43175
5.61378
5.61378
5.74762
5.26094
4.94743
4.94743
4.94743
4.94743
4.94743
4.94743
4.94743
4.9497
6.43021
6.43021
6.43021
6.93038
6.93038
4.19184
4.78762
4.91065
4.91065
4.25342
3.63739
3.63739
2.29153
2.29153
1.31934
1.31934
1.31934
3.05747
4.32916
4.32916
4.15368
4.7828
5.92818
5.39186
4.94026
4.67897
4.87657
4.87657
4.87657
4.87657
4.87657
4.88725
1.89173
1.89173
4.22841
3.05713
3.05713
5.78749
8.38912
8.80406
9.62194
8.10129
9.37206
7.96375
7.96375
7.51391
8.15336
5.28644
3.29512
5.12846
5.58778
5.53245
6.37528
7.19266
7.19266
5.88551
6.3136
6.00406
5.82597
5.82597
6.81762
3.6448
5.93575
5.93575
6.1024
6.54175
8.96674
9.94596
7.8723
4.84024
4.83075
3.94623
3.94623
3.90239
3.90239
3.90239
3.90239
3.71695
3.48702
2.27034
2.27034
2.27034
2.27034
2.27034
4.73869
5.74441
5.74441
5.74441
4.7258
5.77596
8.34084
8.57125
8.60158
8.98853
7.17655
6.64782
2.59174
2.59174
4.35325
5.80792
5.80792
5.80792
7.10764
7.10764
7.10764
7.10764
7.10764
7.30314
8.15122
4.12976
4.12976
4.12976
2.75938
3.36324
4.48492
4.48492
4.48492
4.48492
4.48492
2.36102
2.36102
2.83081
2.83081
2.83081
2.83081
3.1231
3.1231
5.1253
5.1253
5.30851
5.1091
5.1091
5.1091
6.42901
5.75262
5.75262
7.53155
7.53155
8.14807
8.14807
8.65989
8.73298
10.2091
10.2091
10.3549
10.3549
8.21803
8.21803
5.66081
5.66081
3.9416
3.9416
2.50447
2.50447
1.39994
1.39994
1.39994
1.72972
3.42046
3.42046
2.63619
2.63619
2.63619
2.63619
2.63619
3.68278
3.68278
1.66962
3.69261
3.69261
5.21976
5.21976
3.91466
2.07612
2.07612
2.07612
3.09226
2.40493
2.40493
2.79162
2.79162
2.79162
2.79162
2.79162
2.79162
2.79162
2.21478
2.21478
4.08533
4.08533
4.375
4.375
4.375
4.69755
5.05897
5.26138
3.47809
3.47809
4.08108
4.08108
3.9976
3.9976
3.9976
3.9976
3.02032
3.02446
3.02446
3.94257
2.99744
2.99744
2.13953
2.69654
4.52959
2.68294
2.68294
2.68294
2.68294
3.44285
3.54277
3.37514
3.37514
3.37514
1.81285
2.26696
2.26696
2.26696
2.33554
2.33554
2.33554
2.33554
2.33554
3.10805
3.10805
3.10805
3.10805
3.10805
3.10805
2.89955
2.89955
2.89955
3.99163
2.49261
4.12112
4.12112
4.12112
5.13703
5.13703
3.89182
3.89182
3.89182
6.4423
6.4423
7.20624
7.20624
5.76901
7.00315
6.94277
5.31034
7.2358
7.2358
7.2358
7.2358
6.93977
6.42135
6.42135
7.03742
7.03742
8.4151
9.52389
10.5522
10.5004
10.5004
10.5004
10.7262
11.859
11.859
11.859
10.3567
8.81721
7.23662
7.62922
6.23485
5.85933
4.26332
4.26332
4.26332
6.33324
6.33324
7.24979
5.4498
2.49896
2.49896
2.45582
2.45582
4.71133
4.71133
6.07112
6.58823
6.58823
6.58823
6.58823
6.58823
6.58823
7.24706
3.74637
3.74637
5.18505
2.83474
2.83474
3.50868
6.07953
6.63554
6.63554
5.35262
1.92018
3.5981
3.5981
3.64709
3.64709
3.64709
5.21877
6.80804
6.80804
6.80804
5.05197
5.05197
4.62625
4.62625
3.26303
3.26303
3.26303
3.0805
6.05561
3.28486
3.28486
2.86116
2.86116
3.74986
3.74986
3.74986
4.22189
3.56044
3.16782
3.16782
3.17623
3.17623
3.17623
3.17623
3.17623
2.95663
2.95663
1.7433
4.91017
3.81622
2.69929
2.69929
4.53696
3.56432
3.56432
3.56432
3.56432
3.1001
3.1001
3.5244
2.67259
2.67259
1.11806
1.11806
1.11806
1.11806
1.85828
2.9853
4.6419
4.6419
4.90945
4.90945
4.90945
6.53273
6.73689
6.73689
6.26188
6.26188
7.95848
5.38637
5.38637
3.71327
3.71327
3.71327
3.71327
3.76937
3.76937
4.25805
4.25805
3.9604
3.9604
3.9604
3.9604
4.26212
2.08913
2.89054
3.79661
3.79661
5.51771
4.17247
5.31351
6.92713
9.9317
8.42319
8.42319
8.42319
10.9224
11.3699
11.3699
9.84207
10.1261
8.51308
8.98015
8.98015
9.93856
7.46829
7.46829
7.46829
7.46829
7.46829
7.46829
7.46829
6.69466
5.86887
2.65092
3.88633
3.12284
2.86764
2.86764
2.86764
2.86764
2.86764
2.86764
2.86764
2.86764
2.86764
1.97505
1.97505
1.97505
1.97505
1.97505
2.83385
3.5883
3.5883
3.5883
2.53885
5.72885
5.72885
5.72885
5.72885
5.69411
6.32394
6.81635
6.81635
6.81635
6.81635
6.81635
6.81635
6.81635
6.63625
6.63625
6.63625
6.63625
6.63625
5.76707
4.17702
4.17702
3.19328
3.19328
3.19328
3.19328
4.58692
4.58692
4.57015
2.85347
2.11521
2.11521
2.11521
2.11521
2.11521
2.11521
4.98268
3.24739
2.90135
2.90135
2.90135
2.90135
2.83658
2.83658
3.64889
1.07478
2.85309
3.43732
3.43732
3.43732
3.43732
5.14575
3.56772
3.56772
3.06745
3.06745
3.06745
3.42578
4.208
4.208
4.208
4.208
3.15206
3.82596
5.45527
5.43119
5.0737
5.0737
5.0737
8.21576
5.68863
5.90671
5.10002
5.10002
5.10002
6.30044
6.30044
6.47248
7.15873
7.15873
5.47424
5.47424
5.47424
5.47424
4.17077
4.17077
4.17077
4.17077
4.17077
5.5566
5.063
5.22968
5.22968
4.95936
3.88057
3.88057
2.36439
2.36439
2.36439
3.19096
3.19096
3.19096
3.19096
3.06944
3.78702
3.78702
3.78702
3.35
4.13727
4.13727
4.13727
4.13727
5.33409
4.9078
4.9078
4.9078
3.19856
3.19856
3.19856
3.3446
3.3446
3.3446
3.3446
3.3446
3.3446
3.3446
3.3446
3.3446
3.3446
3.3446
3.3446
3.3446
3.3446
3.3446
3.3446
3.3446
3.3446
3.3446
3.3446
5.50659
5.50659
2.70185
2.70185
2.70185
2.38539
4.37578
2.06593
2.06593
1.90727
1.90727
1.90727
4.15275
2.3988
2.3988
2.3988
5.19384
5.19384
3.83409
3.83409
3.83409
3.83409
3.83409
5.10285
5.10285
5.10285
3.47047
3.37777
5.88583
5.88583
6.23655
6.23655
5.03342
5.03342
5.73323
5.73323
6.50318
5.1495
5.1495
7.26874
7.563
7.563
8.08795
4.61439
4.647
4.647
6.01735
6.01735
6.01735
7.63262
7.63262
7.63262
7.63262
7.63262
8.5284
5.48428
3.83714
3.83714
2.86897
3.30483
3.30483
3.30483
3.30483
3.30483
3.30483
3.30483
3.30483
3.30483
3.30483
3.30483
4.82268
1.7171
1.74512
1.74512
1.74512
1.74512
2.98745
4.39592
4.39592
4.39592
3.84764
3.84764
3.84764
3.45286
3.45841
2.60979
2.14908
2.14908
2.14908
2.14908
2.42245
3.3044
3.3044
3.3044
3.3044
3.3044
1.5376
1.5376
1.5376
1.5376
1.5376
4.37985
4.37985
4.69467
4.02607
4.02607
4.02607
4.02607
4.02607
4.02607
4.02607
6.1309
6.1309
6.1309
3.79807
3.79807
3.79807
3.79807
3.79807
3.60431
3.60431
3.60431
3.60431
3.60431
3.60431
3.60431
3.60431
3.60431
3.26502
2.65876
2.65876
2.65876
3.16869
3.16869
1.7388
1.7388
1.83081
1.83081
1.83081
1.83081
4.59561
5.45063
5.45063
5.45063
5.40391
2.89536
2.89536
2.29848
2.29848
2.29848
2.29848
2.29848
2.29848
2.29848
3.22423
3.22423
3.22423
3.22423
2.20152
2.20152
2.20152
2.20152
2.20152
2.69733
3.39922
3.4139
3.4139
1.30763
1.30763
2.37453
5.43954
4.60874
4.70795
4.70795
4.70795
9.02084
9.02084
7.4124
2.89588
2.89588
2.70422
2.70422
2.70422
6.34424
4.11673
4.11673
4.11673
2.17717
4.24713
7.12366
8.69024
9.20043
9.20043
8.93619
9.57202
9.57202
6.67063
7.93011
7.93011
9.26064
9.26711
9.26711
8.71457
6.1407
6.1407
8.7755
8.7755
8.7755
8.0181
7.34894
6.091
4.69611
3.33497
3.33497
3.33497
4.30288
4.30288
4.73064
4.66005
3.90949
3.90949
3.90949
3.09186
3.65773
3.7718
3.3174
3.3174
3.3174
4.27221
4.27221
4.27221
2.26545
2.26545
1.45213
4.43518
4.43518
3.46546
3.0189
3.9611
3.9611
3.9611
3.9611
3.9611
3.9611
2.01811
3.49209
4.53309
4.53309
4.53309
4.53309
4.53309
5.15297
5.07268
5.07268
7.67969
8.85578
6.92209
6.92209
6.92209
6.92209
6.38792
4.85454
5.49364
5.64175
5.64175
4.46916
4.46916
4.46916
4.46916
6.97531
7.09996
7.09996
5.45098
5.39315
3.82021
5.20208
5.20208
5.20208
5.20208
4.85056
4.85056
4.85056
5.06429
5.06429
4.51261
4.93243
4.93243
6.01771
6.01771
6.01771
6.01771
2.25445
2.25445
2.25445
2.79982
1.06737
3.9278
4.48823
7.56476
7.56476
7.98797
7.98797
7.98797
4.64887
4.64887
4.64887
4.85761
4.85761
4.99419
4.99419
4.99419
4.99419
5.45678
4.59718
4.59718
4.59718
6.29876
6.29876
8.16419
7.85901
5.0751
6.21586
6.21586
6.21586
4.71533
4.71533
4.64486
4.64486
4.95189
4.95189
5.22542
5.22542
5.22542
4.61511
4.61511
4.61511
2.10197
2.10197
2.77239
2.77239
2.77239
2.77239
3.27106
3.27106
3.27106
3.8403
3.8403
3.8403
4.5366
4.5366
4.5366
5.12589
3.76745
3.81165
4.02706
5.79346
4.21771
4.21771
1.80295
2.25523
5.58408
4.41429
4.41429
5.16237
5.16237
5.16237
4.13137
4.13137
4.13137
5.74462
5.74462
5.74462
5.74462
5.74462
8.89814
8.47536
9.11788
9.11788
7.83222
7.58066
7.35189
7.35189
10.1357
11.3332
11.1541
11.1541
11.1541
11.2862
11.2862
11.2862
11.2862
11.2862
11.7497
11.7497
9.45268
9.45268
9.43469
9.43469
6.83427
5.18889
5.18889
5.86905
6.36033
6.36033
6.36033
5.08254
5.08254
5.08254
6.33383
3.73687
3.73687
1.81485
1.81485
2.22094
3.81341
3.81341
3.81341
2.92453
4.91183
4.91183
4.91183
6.27035
6.27035
6.27035
6.27035
7.33014
8.22034
8.22034
8.22034
8.22034
7.31455
7.31455
7.31455
7.31455
9.37777
7.78318
7.78318
7.78318
5.70326
5.70326
5.70326
5.70326
5.70326
5.70326
5.70326
5.70326
5.70326
5.70326
5.70326
6.64405
4.29977
6.16907
6.16907
6.16907
5.64573
6.14408
6.14408
6.14408
7.2259
7.05605
3.43727
3.43727
2.7421
2.7421
3.09802
3.59486
5.24642
4.18323
4.11479
4.11479
3.33914
3.33914
3.33914
3.33914
4.28477
4.28477
5.036
5.39111
5.39111
4.9573
4.9573
4.9573
4.9573
4.9573
2.54445
2.54445
2.03041
2.03041
4.32653
4.32653
4.4279
3.77914
3.77914
3.77914
3.77914
4.20403
3.1664
3.1664
2.8465
2.8465
2.68629
1.37735
1.37735
7.18928
8.4859
8.4859
9.99737
10.2854
12.3969
12.9237
11.3032
11.3032
11.905
11.905
11.905
13.2274
12.2513
11.9467
11.9467
8.84439
8.34684
8.34684
8.34684
9.23483
8.05486
8.05486
8.05486
10.7396
6.42678
6.42678
6.42678
5.4389
5.4389
5.4389
5.4389
5.4389
4.95066
4.06401
4.06401
4.48577
5.01806
5.01806
5.01806
5.01806
4.36284
4.36284
4.36284
4.45565
4.45565
4.45565
1.1142
1.1142
1.1142
0.99579
3.30778
2.35677
2.35677
2.35677
2.35677
2.35677
2.48372
2.48372
2.48372
2.48372
2.48372
1.98895
1.98895
1.98895
1.98895
1.90293
2.37812
1.95958
1.95958
1.60501
1.60501
3.59455
4.80838
4.64684
3.40917
3.40917
3.40917
3.40917
3.40917
3.40917
3.40917
5.12083
8.64697
8.07774
6.67701
7.07544
7.63347
7.63347
7.29953
7.29953
7.29953
8.53299
9.55837
9.55837
9.70853
7.56591
7.95767
6.84136
4.17354
3.89575
4.08918
3.987
3.87055
3.51156
6.11078
6.99751
6.81188
8.70917
7.32888
7.32888
7.32888
7.32888
6.63672
6.63672
5.98064
5.98064
4.43376
4.43376
4.43376
5.2306
3.58227
3.58227
5.83315
3.57434
3.57434
3.57434
3.57434
5.29289
5.29289
5.29289
2.31798
2.31798
2.31798
2.31798
2.31798
3.97911
3.97911
2.52772
2.52772
4.43187
3.2735
1.71932
2.22559
2.50841
2.50841
4.10455
4.10455
5.42656
5.42656
5.42656
5.20048
7.08254
7.08254
7.08254
7.08254
7.08254
7.08254
7.08254
7.08254
4.80888
4.80888
4.80888
4.80888
4.8058
4.45914
4.73209
4.73209
4.73209
4.73209
4.73209
3.90648
5.86297
5.86297
5.98201
5.98201
5.05145
5.05145
3.98418
2.57838
2.6321
2.97967
4.79525
4.79525
3.1404
3.1404
3.1404
4.28795
4.92155
3.7412
4.66178
5.16838
3.6729
2.41447
5.16113
5.16113
6.08821
6.08821
6.41395
6.37641
5.5678
5.18228
6.27354
6.27354
5.40938
5.09497
5.09497
5.09497
4.43749
4.66414
4.59432
4.59432
4.59432
4.59432
4.59432
4.59432
4.69681
3.39891
3.39891
2.33413
2.33413
1.97352
1.97352
1.97352
2.38022
2.38022
1.41749
1.57603
2.50595
4.1235
4.1235
4.67507
4.67507
4.67507
4.67507
7.67241
4.59036
4.59036
2.05743
2.05743
2.05743
1.48682
1.48682
1.48682
2.32451
2.87663
4.34717
4.34717
4.34717
4.34717
3.2164
3.69179
2.87275
4.64435
4.64435
4.64435
6.80195
6.80195
7.14621
7.84081
7.84081
7.84081
8.90082
8.31841
4.93365
6.26525
5.35365
1.72359
1.72359
1.72359
1.72359
1.72359
4.82387
4.82387
4.20986
4.98915
4.98915
4.98915
4.98915
4.98915
7.41046
5.50191
5.50191
5.50191
3.74842
5.16995
5.00232
6.13234
6.22033
6.22033
5.64735
4.17852
4.49986
3.80803
3.80803
3.80803
4.66566
6.44451
9.34557
9.34557
10.6506
9.61267
7.32951
7.32951
7.32951
7.32951
8.08412
7.62797
6.18595
6.18595
6.52112
7.11867
7.11867
7.11867
5.9977
7.30014
7.30014
7.30014
6.79321
6.79321
4.23257
4.41946
4.41946
4.41946
4.41946
6.67902
6.67902
6.39719
6.76246
5.21742
5.78991
5.78991
5.15857
3.08167
3.08167
3.08167
4.10826
3.27311
3.27311
2.17948
3.90393
3.90393
3.90393
3.90393
3.00058
3.00058
3.00058
3.77975
3.77975
3.77975
4.54767
4.54767
6.48313
6.04041
5.70006
4.46753
3.71823
5.06857
5.06857
5.67673
5.67673
3.8446
3.8446
3.8446
3.8446
3.8446
3.8446
3.8446
3.8446
3.8446
5.26987
7.73596
6.89862
6.00344
7.63887
7.63887
7.63887
5.4735
5.4735
6.95518
7.37571
6.40866
6.32864
6.32864
4.55437
4.55437
3.1509
3.1509
3.1509
3.1509
3.05208
3.05208
3.70419
3.70419
3.45461
2.69603
2.69603
2.69603
2.69603
1.51659
1.51659
1.51659
1.51659
3.21608
3.09993
3.09993
3.09993
3.09993
3.09993
3.96359
3.96359
3.68417
3.68417
4.95603
2.73318
2.73318
2.73318
2.11975
3.40291
3.40291
1.44538
1.92364
1.92364
1.92364
4.24811
4.24811
4.24811
4.24811
4.24811
4.24811
4.24811
4.24811
3.31535
3.31535
3.31535
3.31535
3.31535
3.31535
3.66927
3.66927
1.86883
1.86883
1.86883
1.86883
1.19706
2.63922
3.22069
3.22069
3.8173
3.8173
3.72065
3.72065
3.72065
3.72065
3.72065
3.72065
3.72065
1.14986
1.14986
1.14986
1.14986
1.14986
1.14986
1.14986
1.14986
2.79592
2.79592
4.61448
4.61448
6.67783
6.67783
6.67783
8.01058
7.98154
8.78099
7.06181
6.99333
6.99333
6.44958
8.80801
8.80801
8.62676
8.62676
8.62676
9.48406
9.55252
9.55252
9.55252
7.9239
4.16039
3.80949
6.98453
6.98453
7.85607
5.72131
3.64206
2.48351
2.48351
2.48351
5.20274
5.20274
5.20274
3.39814
2.02114
3.24788
3.24788
3.24788
3.08275
1.75075
1.75075
1.75075
3.98572
3.98572
3.98572
3.98572
4.35861
4.35861
4.25973
4.25973
4.92416
4.92416
3.42987
3.42987
3.10201
3.10201
5.40925
5.89512
5.89512
6.41181
5.47984
7.62801
5.51828
6.14763
6.14763
4.81629
5.48467
7.04714
8.14615
8.14615
7.29153
6.49944
4.93675
6.77329
6.46053
6.37492
7.05996
6.35765
6.35765
5.40537
6.44219
7.13985
7.13985
7.13985
7.13985
7.41862
7.60531
8.59738
8.59738
8.59738
10.238
9.20105
9.20105
9.55354
9.55354
9.55354
9.51539
9.66475
7.37578
7.37578
7.37578
7.37578
4.28757
4.28757
2.55503
4.95299
5.74061
2.3658
5.39908
5.39908
2.94433
2.94433
2.94433
2.94433
2.94433
2.94433
2.94433
2.94433
3.69378
3.69378
3.69378
3.69378
1.86374
1.86374
1.86374
3.63789
3.63789
3.63789
4.00787
2.41973
2.41973
1.99465
1.99465
1.99465
3.65699
3.65699
3.73847
3.73847
3.73847
3.73847
5.03573
7.17566
5.39083
5.39083
5.39083
5.39083
5.39083
5.77494
5.77494
5.77494
2.56991
2.2698
2.2698
3.72563
3.72563
3.72563
3.23934
3.23934
3.23934
3.23934
4.71194
4.71194
5.70572
5.70572
6.1807
4.8827
4.66333
4.66333
1.64066
1.64066
4.08693
4.08693
4.08693
4.44791
4.92883
4.92883
4.92883
4.92883
4.35958
4.35958
2.90729
2.90729
2.90729
2.90729
2.39671
3.93756
4.48572
4.48572
4.48572
4.48572
5.14252
5.94429
6.20358
2.90905
2.90905
2.90905
2.90905
2.90905
4.10958
4.10958
4.10958
4.10958
1.06591
1.06591
3.15976
3.15976
3.15976
3.15976
1.90762
1.90762
3.64102
3.64102
3.64102
3.64102
3.64102
3.64102
3.64102
3.9073
3.9073
3.9073
3.9073
3.9073
3.9073
4.50462
4.50462
4.50462
4.50462
4.27136
5.27012
5.27012
5.27012
5.27012
5.9839
5.95422
5.95422
6.57458
5.99274
5.99274
5.99274
6.86786
6.86786
6.88332
6.88332
6.84924
5.88788
6.75571
6.75571
5.23233
3.96699
4.42001
4.41359
4.41359
4.41359
2.98183
2.98183
2.98183
3.46918
3.46918
3.46918
3.46918
3.46918
4.33523
4.33523
6.63525
6.63525
6.63525
6.03637
6.03637
7.06722
7.06722
7.06722
7.42974
7.42974
7.42974
3.78596
3.87159
3.87159
2.45971
2.45971
2.45971
2.45971
2.45971
2.45971
2.45971
2.45971
2.57757
2.57757
2.57757
4.13252
4.13252
4.3577
1.17765
2.30531
2.30531
2.30531
2.30531
2.30531
2.30531
2.30531
2.30531
2.30531
2.30531
2.30531
3.72524
4.89761
4.89761
4.89761
4.89761
4.89761
4.89761
4.89761
4.89761
4.89761
4.89761
5.16493
5.93617
7.2036
6.98827
6.98827
6.98827
6.98827
4.57718
2.99327
2.99327
2.99327
3.5748
6.29213
6.29213
6.29213
7.16216
7.16216
7.16216
5.50464
5.07654
3.09223
3.09223
3.56817
1.59815
1.97804
1.97804
1.97804
1.97804
1.97804
3.82559
3.82345
3.82345
3.82345
2.83684
2.83684
2.83684
2.83684
2.66097
2.66097
2.66097
2.66097
2.66097
3.05131
3.05131
4.15467
1.96161
1.96161
2.76562
2.76562
2.76562
5.06288
5.06288
5.06288
3.5558
3.5558
3.5558
3.5558
4.81813
4.81813
4.81813
4.81813
4.57234
4.57234
4.57234
5.27902
5.27902
3.02406
3.02406
3.02406
6.05798
6.05798
5.85164
9.41445
9.41445
9.41445
7.36759
6.54987
5.88454
4.85253
4.85253
4.85253
4.24933
4.24933
7.29676
10.5068
9.57888
8.14509
8.87484
6.83819
6.83819
6.83819
6.83819
6.83819
6.60284
7.19097
6.31854
6.26563
6.26563
6.26563
4.63768
5.89131
6.78995
6.78995
6.07153
4.72817
6.30002
6.53951
9.2812
6.67123
6.67123
5.63003
5.63003
5.38801
6.24337
9.16874
9.18737
5.46959
5.46959
5.46959
5.46959
5.46959
6.10311
7.50449
7.50449
8.45933
7.64222
8.12754
8.12754
8.12754
9.29988
9.29988
8.73335
9.38826
9.38826
7.16307
7.05817
7.05817
7.54808
7.54808
7.54808
7.54808
7.54808
6.76406
6.76406
6.76406
5.92477
4.83278
4.83278
4.96658
2.58917
3.50592
3.50592
4.4877
4.47652
4.07546
3.90034
5.5046
5.5046
6.01454
7.08629
7.62845
7.62845
6.08912
6.08912
6.91067
6.45765
6.48172
8.26719
8.30824
5.74687
5.74687
8.24292
9.29552
9.64791
10.5282
10.8233
10.8233
11.9819
10.5526
8.08647
8.08647
5.60119
5.60119
5.60119
5.60119
5.60119
3.30285
3.17986
3.17986
5.06729
5.06729
4.49967
4.83217
4.83217
4.83217
4.18184
4.18184
4.18184
5.93432
5.93432
5.93432
6.16101
4.58016
4.64946
5.0275
5.0275
6.60352
6.60352
6.60352
6.91887
7.67509
5.10977
5.10977
5.10977
3.2696
2.8386
2.8386
2.8386
2.8386
2.8386
2.8386
3.72645
3.72645
3.72645
1.22343
1.94666
2.74356
2.74356
2.74356
3.1822
3.1822
3.5808
3.5808
3.5808
3.5808
3.5808
3.5808
3.5808
3.5808
3.5808
3.63817
3.63817
3.63817
3.36678
3.36678
3.36678
3.36678
3.36678
4.86667
3.81986
3.81986
4.28282
4.28282
4.93508
4.00172
6.87712
6.87712
7.00136
7.00136
7.08448
7.74134
6.75485
6.75485
6.49522
5.79384
7.39134
5.92895
7.7573
7.25778
7.25778
7.35652
5.93308
3.96194
2.14738
2.80829
2.80829
2.80829
2.80829
2.80829
2.09623
2.91034
2.91034
2.91034
3.22042
2.56918
3.49926
5.26787
6.92288
5.88599
5.88599
7.20501
7.20501
3.7254
3.7254
2.87507
2.87507
2.87507
2.87507
4.4515
4.4515
5.90834
5.90834
2.03077
2.03077
2.03077
3.89736
3.89736
3.72497
3.72497
3.72497
3.72497
3.72497
2.58485
3.54079
3.54079
3.54079
2.25042
2.47861
3.43935
3.28545
3.28545
3.28545
3.28545
3.28545
3.28545
3.28545
1.77987
1.77987
1.77987
1.77987
1.77987
1.77987
2.9261
2.9261
3.70735
3.70735
3.70735
3.71167
2.1364
2.1364
2.1364
2.1364
3.9419
3.9419
3.9419
5.10236
5.10236
6.1463
5.87899
5.87899
5.87899
3.56956
1.44767
3.03415
3.03415
3.03415
3.03415
3.03415
3.03415
2.54296
2.54296
2.54296
3.18087
3.18087
3.18087
3.18087
1.02042
1.02042
2.83572
2.60727
2.60727
3.65353
3.65353
3.65353
2.79858
4.63577
5.30419
5.27913
5.27913
5.98081
3.27208
5.64768
6.7082
4.03563
3.11791
3.11791
3.71861
3.71861
3.71861
3.71861
3.71861
3.71861
3.71861
3.71861
3.71861
4.60382
4.60382
3.11505
3.41723
3.41723
3.41723
3.41723
3.41723
3.41723
3.41723
3.41723
3.4462
3.4462
3.23776
4.01284
4.01284
4.01284
4.01284
3.8617
3.8617
4.0981
3.84982
3.33979
3.23182
3.23182
4.23975
4.23975
2.74068
6.23033
8.18872
8.18872
10.0981
10.0981
9.2388
9.62783
8.44887
8.44887
10.8685
9.87815
9.87815
7.59673
6.80659
8.09233
7.51515
6.65958
7.45535
6.78182
7.35179
7.35179
5.70493
4.82218
4.82218
4.82218
4.82218
4.82218
4.82218
4.82218
4.82218
5.55624
5.55624
5.17066
5.17066
3.0016
4.72563
3.53754
3.53754
3.53754
3.53754
3.53754
3.44255
4.01053
5.47487
5.47487
5.47487
5.47487
5.47487
5.47487
5.47487
5.47487
5.47487
5.47487
5.43173
5.43173
4.04286
2.95183
2.95183
2.46644
2.46644
2.46644
2.46644
2.46644
2.46644
2.46644
2.46644
2.46644
2.46644
2.46644
2.46644
3.45039
3.45039
3.45039
3.45039
4.2139
4.90816
4.70674
4.70674
2.84464
2.84464
3.49593
3.17747
3.17747
3.17747
3.17747
3.17747
3.17747
5.33617
5.5131
6.81243
6.81243
6.81243
6.63787
6.63787
5.58201
6.00634
6.22356
6.22356
6.17845
6.17845
6.26884
6.26884
5.02135
3.31022
3.31022
3.31022
2.11797
1.14853
3.06028
2.28017
2.28017
3.10094
3.95946
3.95946
6.17607
6.04659
2.09471
2.09471
2.09471
2.09471
2.16784
2.16784
2.19416
2.83537
0.925048
2.72382
2.72382
2.38252
3.11497
3.11497
3.72698
3.72698
3.72698
3.72698
3.72698
3.72698
3.70306
3.70306
3.68439
3.97847
3.97847
3.97847
3.97847
5.45422
5.28073
5.64389
2.97055
2.97055
2.97055
2.97055
2.97055
2.97055
2.97055
3.64575
3.64575
3.0395
3.0395
3.0395
3.0395
3.0395
3.0395
3.0395
2.85927
0.312921
4.62219
4.62219
4.62219
3.12751
3.12751
3.12751
3.12751
3.52354
3.52354
3.52354
3.52354
2.00008
2.00008
2.00008
2.00008
2.29884
2.29884
2.09988
2.96745
2.51475
2.51475
2.51475
1.53473
5.37982
5.37982
7.37984
6.18045
5.73601
4.81993
2.63421
4.4674
4.94986
4.94986
2.19349
2.19349
2.19349
2.19349
1.19543
1.19543
2.83293
2.83293
4.79414
4.79414
5.58535
5.58535
6.23612
5.81753
4.32447
4.32447
4.32447
4.10942
4.10942
3.46054
4.9304
5.34897
8.21994
8.21994
6.28274
6.28274
4.68059
4.68059
4.68059
6.72771
7.52814
6.96863
6.65723
7.04632
6.33217
6.33217
6.33217
6.33217
6.33217
6.33217
6.33217
5.3897
5.3897
3.41771
3.41771
3.41771
3.41771
1.54759
3.42421
4.63955
4.63955
4.63955
4.63955
1.84269
5.45832
5.45832
5.45832
2.56054
2.56054
2.9704
2.9704
2.9704
3.5168
3.5168
3.5168
3.83393
3.83393
5.33938
5.33938
5.33938
5.33938
5.33938
5.33938
7.22595
6.64527
6.64527
6.64527
6.64527
8.89395
8.89395
8.89395
6.265
6.53864
7.02471
7.02471
3.36432
3.36432
5.39875
5.39875
5.39875
3.60272
3.85925
4.07173
2.83826
6.49573
6.49573
6.49573
6.49573
5.62334
5.59495
4.03634
4.03634
4.03634
4.03634
4.03634
4.03634
4.03634
7.02488
3.31801
5.15148
7.95115
7.44771
7.44771
7.02534
4.49792
4.49792
4.04039
3.38492
5.52255
7.2473
6.11
4.74657
4.02868
5.24565
5.24565
4.36221
3.47319
3.94195
4.67773
3.56025
3.56025
3.56025
4.46337
4.46337
4.36399
3.24995
3.24995
3.24995
5.56043
5.56043
5.56043
7.04449
4.77344
4.77344
4.05177
3.64409
3.64409
3.64409
3.64409
3.64409
3.64409
3.64409
3.64409
4.06727
4.06727
4.06727
4.93788
4.93788
4.93788
7.74119
6.80291
5.45273
6.54372
6.54372
6.54372
6.54372
5.32003
4.93417
2.68632
2.68632
2.68632
5.28806
6.70756
5.89919
7.1376
7.80267
7.80267
7.53326
7.53326
6.95877
6.95877
7.18725
5.77592
5.77592
5.77592
5.77592
5.45352
1.64113
3.36399
3.36399
4.23985
4.23985
4.23985
6.34007
7.50905
7.50905
8.94436
7.81154
7.81154
9.56807
9.96496
9.96496
9.96496
9.96496
12.3773
12.3773
11.5784
11.5784
12.6143
12.6143
11.7486
8.61546
3.94984
2.89236
2.89236
2.89236
2.89236
2.89236
1.98244
1.98244
1.98244
1.39443
1.39443
1.39443
1.75889
1.75889
1.75889
1.75889
1.75889
2.15094
4.11445
4.11445
3.79452
3.79452
3.79452
4.13837
5.93378
4.68361
5.54069
5.54069
6.6933
6.6933
6.6933
6.6933
7.80168
7.93973
8.7981
9.06294
10.2394
10.2394
7.35613
7.8504
7.8504
8.12906
8.12906
7.1122
7.1122
7.04568
4.55984
6.30999
6.43828
7.84194
7.84194
7.84194
6.15577
6.15577
6.15577
6.15577
6.15577
5.95408
6.10694
6.07745
6.07745
6.07745
4.38079
4.38079
4.38079
4.38079
2.33866
4.84938
4.84938
3.29398
3.08213
1.57672
2.01956
3.5859
3.08715
3.08715
3.54833
5.88307
7.13897
10.666
10.666
10.666
10.666
8.701
7.77165
7.77165
7.77165
8.19332
6.15414
6.15414
5.36239
4.62743
4.62743
4.62743
3.79173
3.79173
3.79173
3.85181
3.85181
4.05417
4.05417
4.48049
3.39584
3.39584
3.39584
3.33151
3.33151
3.33151
3.33151
3.33151
3.33151
3.33151
1.9312
1.88271
1.88271
1.88271
1.51609
2.36059
2.36059
2.36059
2.36059
2.36059
2.36059
3.66059
3.66059
3.66059
3.66059
4.11505
4.25192
4.25192
4.26005
4.26005
4.26005
5.62931
5.551
5.47434
5.47434
6.61201
4.37544
4.37544
5.25453
5.68403
3.92887
5.29284
5.29284
4.25109
2.59025
2.59025
2.1907
2.1907
2.1907
1.99006
2.35833
2.35833
2.59239
2.59239
3.39777
3.39777
2.14174
2.14174
2.14174
4.12148
4.12148
4.12148
4.12148
4.12148
4.12148
4.12148
4.12148
4.12148
4.12148
4.63517
4.63517
4.63517
4.63517
3.44145
4.55865
4.55865
4.55865
4.55865
4.02785
4.02785
5.57227
5.57227
6.57747
3.41996
3.41996
3.41996
2.51796
2.51796
2.51796
2.51796
2.43946
2.43946
4.66711
4.66711
4.66711
4.66711
4.66711
4.66711
2.13044
2.13044
2.6292
2.6292
2.6292
2.6292
2.6292
2.6292
2.7887
5.68239
4.26462
3.98594
7.45351
6.69528
6.69528
6.69528
6.69528
6.25671
6.25671
6.10697
6.10697
6.10697
5.46067
5.46067
5.64454
3.2525
3.2525
3.2525
4.14795
4.14795
5.05173
5.05173
5.00993
6.05183
4.35879
4.35879
4.01186
4.03747
4.03747
4.03747
3.64281
3.64281
3.64281
3.64281
3.64281
6.04298
6.50565
6.39993
6.39993
4.92316
3.2291
3.2291
2.87168
2.87168
3.46849
4.12231
4.12231
6.72284
7.44565
8.4856
7.22085
7.22085
2.6937
2.6937
2.6937
2.6937
2.6937
2.6937
2.6937
2.6937
2.6937
2.6937
2.6937
2.6937
2.6937
2.6937
2.99359
2.44936
2.44936
3.88163
3.88163
3.01981
3.01981
3.01981
3.01981
3.30625
3.30625
4.42649
4.62427
4.62427
4.62427
4.1746
4.35147
4.35147
3.06797
3.06797
2.69327
5.27806
4.90622
4.90622
5.52399
5.52399
5.52399
7.40499
7.40499
7.48836
7.14451
8.88347
8.88347
8.88347
6.11264
4.77095
4.58683
5.39183
5.39183
5.39183
5.70072
6.03596
5.96553
5.96553
3.55221
3.55221
3.55221
3.55221
3.55221
3.55221
3.55221
1.92777
1.63818
1.63818
3.78179
4.64175
4.64175
4.64175
2.94447
2.94447
2.94447
2.94447
2.94447
2.94447
2.89746
2.89746
2.18043
2.18043
2.18043
2.18043
2.18043
2.18043
2.74629
3.2224
3.2224
3.2224
4.01212
4.61208
3.10154
1.09567
1.62615
1.62615
1.62615
2.27041
3.25493
3.25493
4.58352
4.58352
4.58352
5.74333
5.74333
5.74333
5.74333
2.274
2.4163
3.292
3.292
3.292
3.292
3.24875
4.00515
2.93808
3.98979
3.98979
3.98979
7.0186
9.10099
8.79593
8.79593
8.12549
8.12549
7.95536
7.95536
6.49284
6.49284
6.49284
5.30602
1.03748
2.29109
0.908807
3.62907
3.62907
4.3122
4.3122
3.98556
2.52154
2.52154
2.45119
2.45119
2.45119
3.3475
2.47157
2.47157
4.04353
4.04353
4.04353
4.04353
4.04353
4.04353
4.04353
4.04353
4.04353
1.15263
1.15263
1.15263
5.11658
5.92206
4.74623
4.74623
4.87183
4.87183
4.87183
4.87183
6.97458
6.45716
6.45716
6.45716
6.38668
6.38668
6.38668
6.51184
9.74429
9.74429
9.74429
8.34146
8.34146
4.59201
4.59201
4.59201
4.59201
4.59201
4.59201
4.38453
4.38453
4.38453
3.45842
3.45842
3.17686
3.17686
2.41828
1.60578
1.60578
1.60578
1.60578
1.60578
1.60578
1.60578
1.60578
1.60578
2.60664
2.27246
4.78976
4.78976
4.78976
4.78976
6.24122
6.24122
6.24122
6.24122
5.65354
5.69665
7.18041
6.10198
6.9216
5.00038
5.87255
5.87255
2.2123
3.54251
3.54251
3.54251
3.54251
2.3833
2.3833
2.3833
7.28197
7.28197
5.40079
5.35863
2.71622
2.71622
2.71622
2.71622
2.71622
6.00177
6.00177
6.00177
6.92881
6.92881
7.58848
6.23822
6.23822
2.54803
2.54803
2.85933
2.85933
2.85933
2.85933
5.17389
4.8768
4.8768
2.51216
2.05251
3.01864
3.01864
3.01864
3.01864
4.13611
4.13611
4.13611
4.13611
4.13611
4.13611
4.13611
4.13611
4.13611
4.13611
4.13611
4.13611
4.13611
3.93246
3.93246
3.93246
3.93246
2.11979
2.98915
4.01283
6.12992
4.19892
4.19892
4.19892
4.19892
4.19892
3.40376
4.65007
4.65007
4.65007
1.14836
1.14836
2.1499
2.1499
1.97126
1.97126
4.0506
3.8792
1.33552
3.88029
5.09776
5.09776
5.09776
4.39666
4.39666
3.5635
3.5635
5.81134
3.83606
3.78073
4.77176
3.10625
3.10625
4.84417
4.02728
4.02728
4.02728
3.39186
3.39186
3.39186
2.81688
2.81688
2.81688
4.20306
4.20306
6.45904
6.30498
6.35931
6.35931
6.80023
4.95532
4.95532
4.95532
4.36295
4.36295
4.36295
4.36295
4.36295
4.54028
4.54028
4.54028
3.19451
3.30108
3.30108
3.5859
3.15508
3.15508
3.56849
5.66677
5.66677
5.66677
5.37301
6.71321
6.71321
3.78921
4.20357
3.83143
3.79686
3.79686
3.79686
3.79686
3.50366
3.50366
3.50366
3.50366
3.50366
5.68807
6.12173
6.12173
6.12173
4.2664
4.2664
4.2664
4.2664
5.76965
5.84723
5.84723
4.77551
5.24066
6.21246
6.21246
8.29322
8.29322
8.29322
7.47652
7.97496
7.97496
7.75533
6.85509
6.11275
4.07522
4.07522
4.07522
3.55965
3.26176
3.26176
3.26176
4.60779
6.8796
6.8796
6.74078
6.60124
6.5285
5.74877
7.21338
4.49811
4.49811
4.49811
4.49811
4.49811
4.49811
0.420521
2.05749
1.75068
1.75068
4.50276
6.12754
6.12754
5.73336
4.82403
4.65065
4.09855
2.10145
2.10145
2.10145
2.10145
2.10145
2.10145
2.10145
2.36333
4.5549
4.13145
2.95479
5.46587
5.46587
9.39911
10.9597
10.9597
10.9597
12.5852
12.5515
13.0809
13.146
12.7429
12.8908
11.1023
8.57768
5.43183
5.43183
5.43183
3.78159
3.78159
3.78159
4.97966
6.74301
6.29915
4.54937
4.75712
4.75712
5.73221
5.1332
5.1332
6.84032
4.96886
4.96886
4.96886
4.96886
4.96886
3.76831
5.57412
6.36816
5.95344
5.95344
8.4489
8.4489
7.13146
6.2267
4.50133
3.89342
5.3263
5.3263
5.48233
5.40693
5.40693
6.74849
6.74849
5.8638
6.67773
5.5263
2.0369
3.04628
2.26828
2.26828
4.30002
3.28536
1.72459
1.72459
1.72459
1.72459
1.57588
3.20824
3.20824
3.20824
1.80998
1.80998
1.80998
1.80998
1.80998
1.80998
1.80998
1.68961
1.68961
1.68961
3.52005
3.52005
4.04697
3.52643
3.52643
3.52643
3.52643
2.70725
4.06622
6.04281
6.04281
6.04281
5.55886
4.05308
4.65196
4.65196
4.26812
4.26812
4.26812
4.26812
4.26812
4.87676
4.87676
4.87676
4.87676
5.73997
5.73997
4.26533
4.26533
5.42155
4.90356
5.94888
5.94888
5.94888
3.83724
4.29879
4.02934
2.22019
3.4285
3.4285
3.4285
3.4285
5.09507
5.09507
5.98318
5.98318
7.69697
4.49487
4.49487
4.49487
3.01848
3.38367
3.38367
3.27306
3.27306
3.99181
5.58932
5.58932
6.42966
6.05584
5.15056
7.15963
7.16349
5.02805
5.02805
3.00377
3.00377
3.00377
3.48327
4.1741
4.1741
4.1741
4.49349
4.49349
5.88899
6.42663
6.42663
6.42663
5.90442
5.68454
4.03128
5.45609
6.5557
6.5557
5.54583
3.75808
2.99518
2.99518
2.99518
2.11005
2.11005
2.11005
2.11005
3.17668
3.17668
3.17668
4.19183
4.19183
4.19183
4.19183
4.19183
3.49161
3.49161
3.49161
3.49161
3.55728
3.01862
1.58134
1.58134
1.58134
1.58134
1.58134
1.58134
1.58134
1.58134
1.58134
2.76484
2.11563
2.11563
2.11563
2.11563
3.30644
3.30644
2.1183
1.2214
3.43636
3.43636
2.70256
4.48945
4.48945
4.48945
3.42159
4.02039
3.2641
2.96238
3.28303
2.47093
5.9218
5.9218
5.9218
6.12344
6.47291
5.3504
4.05806
4.63277
4.63277
4.63277
4.63277
4.63277
4.77064
3.75105
3.75105
3.91271
4.18813
4.18813
4.18813
4.8826
4.8826
6.19803
6.19803
4.28074
3.74591
1.6859
3.92036
4.97015
4.43465
4.43465
7.21199
5.45186
7.00387
7.00387
7.00387
5.31063
5.6598
5.6598
5.6598
5.40239
5.40239
5.40239
1.90941
1.53879
1.53879
2.52537
5.5304
5.5304
5.5304
5.5304
3.45115
4.6653
3.33058
3.33058
3.33058
3.33058
3.33058
3.33058
3.33058
3.33058
3.33058
5.35389
5.35389
5.35389
5.87733
5.87733
5.87733
5.85
5.51205
4.02244
4.02244
2.84134
2.84134
2.84134
3.66469
3.66469
3.66469
3.66469
7.11834
7.11834
7.11834
7.10176
6.39215
9.3916
10.5183
10.5183
9.68938
8.81899
8.81899
10.1222
10.1222
10.1222
11.9055
10.864
10.4166
10.1671
10.1671
10.1671
10.1671
6.33302
6.33302
6.33302
5.35381
5.35381
5.35381
5.35381
2.98293
4.27188
4.27188
4.27188
5.43946
4.80232
4.80232
3.88958
3.88958
4.77073
4.39349
4.1674
4.1674
3.87744
3.35735
3.35735
4.16911
1.80456
3.69065
3.69065
3.69065
3.46248
3.46248
3.46248
3.46248
3.46248
3.46248
3.46248
2.11664
2.11664
2.11664
2.11664
2.11664
3.81704
3.81704
3.81704
3.81704
3.81704
2.95755
2.95755
3.1432
3.1432
3.1432
3.35508
3.97807
3.97807
3.97807
3.97344
3.97344
3.97344
3.93022
2.75595
2.54044
2.54044
2.54044
2.54044
2.54044
2.54044
2.54044
2.54044
2.90095
4.90462
4.90462
4.55486
3.45424
2.57819
2.57819
2.57819
2.38029
4.47613
4.47613
7.30119
4.63211
6.32318
6.32318
6.32318
5.55094
5.55094
5.55094
5.43944
5.43944
4.89592
2.0961
2.0961
2.0961
2.17319
2.17319
3.90039
3.58369
5.47061
6.39912
6.39912
3.95661
2.80379
3.97981
3.97981
3.97981
3.97981
3.97981
5.38124
4.31768
4.31768
4.31768
4.31768
4.31768
4.31768
4.31768
2.86262
1.21038
1.21038
1.97078
1.97078
3.60995
4.86072
5.34511
5.34511
5.34511
3.61569
2.7151
3.34254
3.34254
3.34254
3.34254
3.34254
2.17751
2.17751
2.17751
2.17751
2.70303
2.8441
2.8441
2.8441
2.8441
2.8441
2.77896
2.77896
4.13827
4.09281
4.09281
2.68861
2.68861
2.68861
3.48354
4.77443
4.77443
2.15654
5.22502
6.93067
6.93067
6.93067
6.40326
5.15957
5.34041
5.34041
5.34041
6.52329
6.46881
6.46881
6.46881
2.88881
2.88881
2.88881
2.88881
2.88881
3.83051
3.83051
3.71628
3.71628
3.71628
3.71628
3.71628
3.71628
6.61908
4.53051
2.16244
2.16244
2.16244
2.79056
2.79056
3.81014
3.23634
3.23634
3.44776
3.44776
3.44776
3.44776
3.44776
3.44776
3.22724
4.85155
4.49581
3.8733
3.8733
3.8733
3.8733
3.4399
5.16882
5.16882
5.16882
5.79881
5.79881
5.79881
5.79881
3.54995
4.01059
4.01059
2.69084
3.31879
3.31879
3.07546
3.07546
3.07546
3.07546
3.07546
3.07546
3.07546
3.07546
4.51276
3.48
3.34421
3.34421
3.34421
3.34421
3.34421
2.57159
3.61444
3.61444
3.61444
3.61444
3.61444
5.46217
6.62244
6.79645
8.89218
8.89218
8.16155
8.16155
8.16155
8.16155
8.16155
8.43922
8.24358
8.24358
8.63974
7.08021
6.82493
6.82493
5.96373
5.0214
4.71765
7.56401
7.87178
7.87178
7.87178
4.3006
6.03578
4.73862
4.73862
6.42803
7.66013
7.66013
6.66914
6.66914
7.13202
4.66755
4.57178
2.02246
2.36001
2.36001
2.08276
2.08276
2.08276
2.08276
2.08276
2.08276
2.08276
5.90894
3.98028
3.98028
3.98028
3.98028
1.93852
1.93852
1.93852
1.93852
2.30414
2.30414
2.30414
2.30414
2.75558
2.75558
2.75558
2.75558
2.75558
2.75558
2.75558
3.83304
4.56247
4.69177
4.69177
5.99748
5.17529
5.17529
5.17529
3.94397
3.34637
5.44632
4.17608
5.94504
5.56279
5.78485
5.78485
5.78485
5.51814
4.65971
6.15939
6.15939
5.16527
4.10848
3.81865
4.84032
4.84032
3.29368
2.67235
2.67235
2.67235
2.67235
4.8881
4.8881
3.66055
3.66055
3.66055
3.66055
3.78952
3.78952
4.72225
2.9253
4.09381
4.80577
4.80577
4.82992
4.82992
2.66691
2.66691
4.05485
4.05485
4.05485
4.05485
4.05485
3.89091
5.45645
5.50834
4.22383
5.80268
6.92284
7.29161
8.73821
8.73821
8.73821
4.56817
6.40303
6.40303
6.40303
6.40303
7.42108
5.94829
5.80481
4.44668
5.31302
4.39844
4.39844
4.39844
4.39844
3.95844
3.95844
3.95844
4.11945
4.11945
4.11945
4.11945
2.64358
2.64358
2.64358
2.64358
2.64358
2.64358
3.4712
0.932786
0.932786
3.25884
3.25884
3.06215
3.06215
5.45007
5.45007
5.33619
5.33619
4.21685
4.21685
3.10419
3.10419
3.10419
3.10419
3.10419
3.10419
2.47587
5.989
5.34923
4.4325
4.4325
4.4325
4.35312
4.22579
2.36016
2.36016
2.36016
2.36016
3.87572
3.87572
3.72082
3.63758
3.63758
3.63758
1.35478
1.35478
1.35478
1.35478
1.41093
1.41093
2.42636
2.42636
2.42636
4.27608
4.27608
4.15758
4.15758
3.2933
3.2933
3.26517
4.69607
7.93128
7.58143
7.58143
4.02866
4.09792
4.09792
3.38473
3.38473
3.38473
3.38473
3.38473
4.05709
5.4127
5.83647
5.83647
5.83647
5.63931
5.63931
5.63931
6.20392
8.27884
8.27884
8.27884
8.27884
9.99076
5.85735
5.2392
5.2392
5.2392
4.45766
4.45766
4.59434
4.59434
6.82724
6.82724
6.82724
6.87613
6.14741
7.21097
7.09266
7.5197
7.5197
8.49548
8.93213
8.56613
8.56613
6.44656
5.24532
6.12553
4.19164
4.19164
4.23897
4.23897
4.23897
4.23897
4.23897
4.11351
4.11351
4.11351
4.06109
4.06109
4.06109
6.38931
6.38931
6.38931
6.38931
5.58479
5.58479
5.58479
3.45179
3.45179
3.45179
3.45179
3.45179
0.460795
0.460795
1.31867
1.31867
1.31867
4.84779
6.14827
7.01224
6.11986
6.78995
6.78995
11.0513
11.5975
11.7179
11.0618
11.0618
8.97693
9.11052
9.11052
9.38626
9.38626
9.38626
9.38626
7.28966
7.28966
7.28966
7.28966
7.28966
7.28966
6.60988
6.60988
6.60988
7.3074
7.01411
8.0555
8.0555
6.64646
6.81012
6.0086
6.0086
3.87315
4.11435
4.11435
4.11435
4.11435
4.11435
2.4908
4.68946
3.43506
3.43506
3.43506
4.06175
5.97373
5.38688
4.00506
4.00506
3.91354
3.91354
3.91354
4.78583
4.78583
4.06622
4.06622
2.94708
4.26303
4.79544
6.26635
6.26941
6.72811
7.39984
7.39984
5.19101
5.19101
5.19101
5.19101
5.19101
6.75346
6.75346
8.00304
8.00304
7.07612
7.07612
7.07612
7.5161
8.87815
9.14295
9.14295
7.27503
7.27503
4.91747
4.14399
8.18104
8.18104
8.18104
8.18104
9.2146
9.2146
5.85545
6.14956
6.14956
5.06026
5.06026
3.40935
2.29329
2.2268
2.2268
1.38703
1.38703
1.38703
1.38703
3.40699
2.98626
2.98626
2.98626
3.22761
3.73778
3.73778
4.16111
4.16111
4.16111
5.52618
5.1401
4.22038
4.92803
5.1206
6.80338
6.80338
6.80338
5.49491
5.49491
5.49491
5.49491
6.90612
7.13488
5.8348
6.63168
6.63168
7.76685
6.32541
6.32541
6.71782
7.07771
6.44265
7.57441
6.20413
5.56777
4.87518
4.87518
4.51108
4.51108
4.51108
4.51108
2.94899
2.94899
4.08446
4.12158
4.12158
4.12158
5.03318
6.35729
6.35729
6.35729
5.32402
5.8365
5.8365
4.88284
4.88284
4.88284
4.88284
5.83785
5.83785
5.83785
5.83785
5.83785
3.95275
4.50393
4.50393
4.59264
4.59264
4.59264
4.59264
4.59264
4.71864
3.57598
3.07558
2.50756
2.50756
1.76986
1.76986
3.6273
3.6273
3.6273
4.1889
1.84539
1.84539
1.84539
1.84539
1.84539
1.84539
2.22577
3.07086
3.07086
3.07086
3.07086
3.74017
3.74017
3.74017
3.74017
3.87431
6.1107
5.23957
5.23957
5.20373
5.54002
4.82386
4.8026
6.19449
6.19449
6.19449
6.19449
6.19449
6.19449
5.44749
5.44749
6.69778
6.87196
6.87196
6.87196
6.87196
7.04554
7.47043
7.66069
7.66069
7.66069
7.66069
7.66069
7.66299
8.1636
8.1636
6.71674
3.79423
4.51627
4.62274
4.79764
4.79764
4.79764
4.79764
6.64131
8.59565
7.0249
7.0249
7.0249
6.99209
7.22739
7.22739
7.54495
7.54495
5.90702
5.90702
8.69055
8.69055
8.69055
8.69055
10.2334
8.73759
8.73759
8.73759
8.73759
7.67685
7.67685
7.56878
5.09976
5.09976
6.06808
6.06808
6.48035
5.47829
9.17601
9.17062
9.17062
4.67389
2.49375
2.49375
2.49375
2.30276
2.30276
3.00886
4.72531
4.72531
4.83522
4.83522
4.83522
4.83522
5.09397
5.09397
1.52592
1.52592
1.52592
1.25823
3.34679
6.33467
5.17697
5.17697
5.78387
7.88634
7.88634
7.88634
6.8345
7.59294
7.59294
7.04983
8.43215
8.18572
7.44109
7.44109
7.44109
4.72227
4.72227
4.72227
4.72227
1.81263
1.81263
1.81263
1.81263
1.81263
1.81263
3.40398
2.54334
2.54334
2.54334
2.54334
2.54334
2.54334
2.54334
2.54334
2.95138
5.27098
5.27098
6.54883
3.50358
4.25128
4.25128
6.37415
5.50376
6.30878
6.34554
6.34554
6.34554
6.34554
6.35142
8.34829
9.53805
9.53805
9.53805
9.53805
8.16849
6.64252
7.14877
9.39105
6.75993
6.45976
5.96592
5.96592
5.96592
5.96592
5.96592
5.96592
5.96592
5.96592
5.96592
5.96592
2.78179
2.78179
2.78179
2.78179
2.78179
2.95632
2.95632
2.95632
2.95632
2.95632
4.19182
2.72086
3.20384
3.20384
3.20384
3.20384
3.20384
3.58342
3.58342
3.58342
3.58342
3.58342
3.58342
3.58342
2.70918
2.70918
2.70918
2.70918
4.60843
4.60843
4.60843
4.91073
4.91073
4.91073
4.58186
3.97772
3.97772
3.97772
3.97772
3.43746
3.43746
3.43746
3.43746
3.43746
3.43746
4.1239
2.69308
2.69308
2.69308
2.69308
3.29517
1.75046
1.56452
1.56452
3.79897
3.79897
2.5023
2.5023
2.29271
2.29271
1.58377
1.58377
2.01699
2.01699
3.42088
3.42088
3.34835
3.34835
3.52567
3.52567
3.90355
4.71101
5.52737
5.52737
8.90214
8.90214
10.4659
9.28827
8.07449
6.93342
6.93342
6.93342
7.77208
7.77208
8.29301
7.21663
4.3275
4.3275
4.3275
3.88201
3.88201
3.79757
5.9989
5.9989
7.88074
7.53748
9.35869
9.35869
11.2566
11.8568
13.1086
11.6339
9.50281
9.50281
9.50281
9.50281
9.50281
9.50281
9.06059
9.06059
11.107
11.107
11.107
11.107
11.107
11.107
11.107
5.99656
4.54848
4.54848
3.71292
2.72925
2.72925
2.72925
2.72925
2.5218
2.5218
1.94269
1.94269
1.94269
1.46092
4.32665
3.38937
5.61903
5.61903
3.51408
3.51408
2.97096
2.97096
2.97096
2.97096
3.43564
3.43564
3.43564
3.97355
3.77924
3.77924
3.77924
4.21976
2.81736
2.81736
2.25887
2.25887
3.86273
3.86273
2.38704
4.26063
8.97256
7.12125
7.22165
7.94083
8.68868
8.68868
9.25267
8.87464
8.87464
8.5769
8.5769
8.5769
7.48365
7.48365
8.70205
6.90789
6.24836
6.24836
6.24836
5.08146
5.08146
5.08146
5.08146
3.29316
2.36288
2.36288
2.36288
2.67036
2.67036
2.67036
2.67036
4.05467
4.54195
4.54195
5.01547
5.01547
3.02701
3.02701
3.02701
3.02701
3.02701
3.02701
2.48212
4.07529
3.55691
3.55691
3.55691
6.2614
6.2614
5.0014
5.0014
4.82667
5.31533
2.71964
3.29505
3.7906
3.7906
4.79675
4.79675
5.33517
5.33517
3.98683
3.375
3.375
4.57238
5.50216
5.72304
5.72304
2.07342
2.07342
3.22047
3.22047
3.22047
4.21118
3.9709
3.9709
3.9709
3.9709
3.9709
5.48764
5.48764
5.48764
3.55384
3.55384
3.55384
2.4479
2.4479
5.27272
5.27272
4.28826
4.28826
3.1718
3.1718
3.1718
3.1718
4.79358
4.09647
4.09647
1.52173
2.3703
2.3703
1.98257
1.98257
1.98257
1.98257
1.98257
3.31396
3.31396
3.31396
3.91415
4.10782
4.10782
4.10782
4.10782
4.10782
5.87513
5.87513
4.51628
4.51628
4.51628
5.67259
5.67259
5.67259
5.67259
5.76635
5.76635
5.76635
4.83938
6.22434
5.92881
5.29652
4.32585
4.32585
4.32585
3.91105
2.71287
2.71287
2.71287
2.71287
2.71287
2.00152
5.21995
5.81519
5.02684
5.02684
4.89878
4.89878
4.89878
4.89878
5.70808
7.58101
5.97454
5.97454
5.97454
5.97454
5.97454
5.97454
5.31502
4.44054
2.69574
2.69574
2.69574
1.03312
1.03312
2.5004
2.5004
2.5004
2.5004
2.58113
4.14977
4.14977
4.14977
5.35946
5.35946
4.44066
4.44066
4.44066
4.44066
4.44066
2.74607
2.74607
2.74607
2.74607
2.74607
1.39369
1.39369
1.96607
1.96607
2.35938
2.35938
3.80727
4.06224
4.06224
4.552
4.552
4.552
4.552
8.47347
6.32048
6.99742
6.99742
6.99742
6.99742
7.19157
7.19157
7.19157
8.82483
8.82483
8.14208
7.62531
4.24826
3.20148
3.54038
3.54038
3.54038
3.63827
3.63827
4.58765
5.6716
4.24273
4.24273
3.33565
3.33565
3.33565
3.33565
3.79737
3.37666
3.37666
3.37666
3.37666
4.9516
3.53287
3.53287
3.53287
3.53287
3.6054
3.6054
3.6054
3.6054
3.6054
3.6054
3.01695
2.25983
2.25983
2.25983
2.25983
3.0921
3.0921
5.97959
5.97959
5.97959
6.1338
6.1338
6.16414
4.65567
5.30348
5.6548
5.6548
4.45921
4.45921
4.45921
4.45921
4.45921
4.45921
4.45921
4.45921
4.58525
4.58525
4.64262
4.64262
3.83199
3.83199
3.83199
3.36027
3.36027
6.56726
6.56726
6.65731
6.81937
8.29084
8.29084
7.3969
7.2172
6.63964
6.34075
5.28622
4.73028
4.73028
4.73028
4.73028
4.73028
3.35287
6.3898
6.68898
6.67866
6.67866
6.3618
6.3618
5.56502
3.15134
3.15134
3.70973
5.11032
4.78728
4.78728
4.78728
4.78728
4.33862
5.42241
4.15922
4.15922
3.8915
3.8981
3.8981
4.19325
2.74642
4.09503
4.09503
4.09503
4.09503
4.09503
4.09503
4.09503
4.09503
5.57866
5.57866
5.57866
5.57866
4.48541
4.48541
4.45725
2.47123
2.99715
2.99715
2.99715
2.99715
2.99715
2.99715
2.99715
2.99715
2.99715
2.99715
2.14912
2.14912
2.14912
2.14912
2.14912
2.14912
2.14912
2.14912
2.14912
2.14912
2.14912
2.14912
2.14912
2.14912
2.14912
2.14912
2.45658
2.6946
1.62307
1.62307
1.62307
1.62307
1.62307
1.62307
1.62307
1.62307
1.619
1.619
1.619
0.820698
3.58511
3.58511
3.69894
3.9859
3.9859
3.9859
3.9859
5.81918
5.81918
5.81918
5.81918
5.81918
5.57499
5.57499
5.3327
5.84416
8.74129
8.74129
8.74129
5.48591
5.48591
5.48591
6.26434
6.26434
6.26434
6.26434
6.6191
5.9386
5.9386
5.62995
6.21671
5.46579
5.46579
5.46579
5.46579
5.46579
5.98677
5.98677
5.98677
5.98677
8.89137
6.79003
6.79003
6.79003
6.79003
7.44698
8.63271
10.7932
12.3066
10.8343
10.2495
10.2495
7.96207
5.96803
8.75729
7.51319
7.51319
7.51319
8.43254
8.19638
7.52481
7.41252
8.25401
8.25401
8.25401
6.55787
6.55787
6.55787
6.47048
5.5481
5.5481
5.5481
7.47445
7.47445
8.13113
7.3824
7.3824
7.3824
4.18095
5.97315
3.88388
3.88388
3.88388
3.46433
3.46433
3.46433
1.68437
1.68437
1.68437
3.69669
3.14496
3.14496
3.14496
3.14496
3.14496
2.34471
2.34471
2.97755
2.97755
3.69878
2.80631
2.74366
2.74366
2.74366
2.74366
2.74366
4.36969
5.81082
4.38067
4.38067
5.33982
5.33982
3.8468
3.8468
3.8468
3.8468
3.8468
3.76831
2.99606
2.99606
2.99606
2.99606
4.64399
3.1234
3.1234
3.1234
5.25479
2.51937
2.51937
2.51937
2.51937
3.57844
3.57844
3.57844
3.21947
1.9334
1.31791
1.31791
3.46954
3.46954
2.59374
3.44163
3.44163
3.44163
2.94512
1.58324
1.58324
3.71662
3.36355
3.36355
2.89382
2.1716
1.6327
4.26916
6.68951
6.68951
6.68951
6.68951
6.68951
6.36391
8.12354
8.12354
8.12354
8.34249
6.9235
5.57274
3.23374
1.37026
2.88566
3.80237
3.80237
3.80237
3.80237
3.80237
3.04424
3.04424
3.04424
4.40368
4.40368
4.40837
4.40837
4.40837
5.07812
3.69944
3.03722
3.98371
3.98371
3.98371
3.98371
3.98371
4.52366
4.52366
6.7109
7.94327
5.67758
6.63019
6.31049
4.35529
4.35529
4.81949
4.13207
5.10543
5.26039
5.24368
3.0165
2.32557
2.32557
2.32557
2.92114
3.58513
3.58513
3.58513
2.55761
2.55761
2.55761
2.55761
2.55761
2.55761
1.69824
1.69824
0.779682
0.779682
3.50855
3.37116
3.37116
2.52779
2.62476
0.938859
2.85557
2.85557
2.85557
4.11587
4.11587
4.11587
4.11587
4.11587
5.09127
4.72484
4.03997
4.03997
6.55891
5.57166
6.62685
5.86013
5.43484
6.18898
6.43319
6.52212
6.81789
6.93774
6.93774
5.06806
4.53542
4.08696
4.08696
4.08696
3.90696
1.99275
1.99275
3.39247
3.39247
4.88738
3.70923
3.90434
4.21058
4.21058
4.21058
4.21058
2.67797
1.28815
1.28815
2.50143
2.50143
1.80617
1.80617
1.80617
1.80617
1.80617
1.80617
1.80617
1.80617
5.02894
5.60256
5.60256
5.60256
6.88475
6.88475
6.88475
8.78158
8.78158
8.78158
8.78158
6.60549
6.60549
6.60549
3.33903
3.33903
3.33903
3.33903
3.33903
3.33903
2.22405
5.47647
1.48478
4.81181
3.08362
3.08362
3.08362
3.08362
3.08362
2.13293
5.62528
5.62528
5.62528
5.62528
5.62528
5.06146
5.06146
5.07534
2.93671
2.93671
2.93671
5.73077
7.44319
7.44319
7.44319
7.44319
6.62032
6.62032
5.72025
7.46929
7.46929
7.46929
4.57544
4.57544
4.57544
4.57544
4.57544
4.57544
3.11927
4.26711
1.83716
1.83716
1.83716
1.83716
1.83716
1.83716
1.83716
1.83716
1.83716
1.83716
1.83716
1.83716
1.83716
1.83716
2.58008
2.58008
3.2973
3.2973
4.52489
6.23345
6.23345
6.23345
6.23345
4.29521
3.94146
2.35573
2.35573
2.35573
2.35573
1.80301
1.80301
1.80301
2.89442
2.89442
3.8461
3.8461
2.26193
3.56325
3.56325
3.56325
3.56325
2.24088
4.46566
4.46566
4.81739
4.81739
4.81739
4.81739
4.81739
4.81739
4.81739
5.61127
1.76015
2.68562
2.68562
2.68562
2.68562
2.68562
2.68562
2.68562
2.68562
2.68562
2.32075
5.88263
4.56725
6.06685
7.11255
5.25747
4.99706
4.99706
4.99706
4.9618
4.9618
4.86138
4.86138
4.86138
4.86138
6.945
6.945
8.03777
7.52945
7.52945
4.06852
4.25173
4.25173
4.50216
4.50216
4.54641
1.88958
1.88958
2.03752
1.75226
1.75226
1.75226
1.75226
1.75226
3.07949
3.07949
8.02033
8.81519
9.4983
9.4983
7.50827
7.41978
6.63293
6.87427
6.87427
4.61387
5.25659
5.25659
5.25659
5.25659
5.25659
4.15482
5.15986
3.77991
3.20229
3.20229
3.20229
4.41046
2.77263
4.68715
5.03899
5.03899
5.03899
5.03899
3.56437
3.56437
4.12001
4.71279
4.71279
2.94135
2.94135
2.94135
4.37554
4.25058
4.25058
7.02927
7.02927
7.02927
7.48329
5.90529
7.81616
5.62551
4.61744
5.4027
5.55718
5.55718
5.55718
3.72157
3.57188
3.57188
3.57188
3.57188
4.94362
4.18841
4.18841
4.18841
4.18841
4.18841
4.18841
6.80155
6.11575
5.98538
4.85242
4.85242
5.72892
5.72892
5.72892
5.72892
4.13169
4.45636
4.89279
4.89279
8.66868
6.96008
6.96008
6.96008
6.96008
9.77086
9.77086
9.77086
10.6225
10.6225
10.4453
10.4453
10.4453
10.4453
9.37401
9.37401
9.37401
9.16398
8.86009
8.86009
8.86009
8.86009
8.86009
8.76772
8.76772
8.76772
8.86432
10.1257
10.1257
8.38225
8.38225
8.38225
8.16023
9.29107
9.29107
9.29107
9.29107
9.29107
8.23649
6.14658
2.36491
2.36491
2.36491
2.63165
2.63165
4.84759
4.45529
6.76772
3.53083
2.76879
2.76879
2.76879
2.76879
5.03384
5.03384
5.03384
5.03384
4.90068
5.38464
5.38464
5.38464
6.04099
6.04099
7.91581
8.59132
5.64117
3.77203
3.77203
3.77203
4.8235
4.8235
4.40837
4.52032
4.1188
3.4013
3.4013
3.4013
3.4013
5.54163
5.54163
3.27088
3.27088
3.27088
3.27088
3.27088
3.27088
3.16124
3.16124
3.16124
3.66802
3.66802
3.66802
3.66802
2.90702
3.15272
3.15272
2.84753
2.84753
5.42599
4.44325
3.56206
3.19487
3.19487
3.19487
3.19487
3.19487
3.19487
3.19487
2.95069
3.0871
3.0871
3.2632
5.35567
4.40324
4.16313
3.21108
3.82172
4.77584
4.87853
3.7663
3.41
5.54957
5.54957
5.54957
2.69527
4.86366
4.86366
3.9257
3.9257
3.9257
4.04319
7.00169
6.33689
6.9174
6.32897
7.6774
8.64323
8.64323
7.39908
7.39908
4.14661
4.5697
3.16321
3.16321
3.16321
3.31955
3.31955
3.31955
3.31955
3.31955
3.31955
4.13463
4.82532
4.82532
4.82532
4.82532
4.82532
4.5724
2.18077
2.18077
2.18077
5.64038
6.49982
6.49982
3.64409
4.05241
4.05241
4.39997
4.39997
5.42376
5.42376
5.49991
5.06977
5.06977
5.17685
5.86947
5.86947
5.86947
5.86947
4.73777
3.62614
3.62614
6.71198
6.71198
6.71198
6.3704
7.31099
7.44409
9.05252
8.696
9.97917
10.1181
10.1181
11.2756
11.2756
9.47696
9.47696
10.9991
9.33835
10.36
10.36
10.36
10.36
10.36
10.36
10.5818
10.5818
9.0587
9.0587
7.94115
10.7904
7.90983
10.4894
10.4894
9.37192
9.37192
8.77033
8.77033
6.88392
7.06191
7.3101
7.67137
7.67137
7.67137
5.65338
2.92542
5.28003
5.139
5.139
4.92626
4.92626
4.92626
4.92626
8.58315
8.58315
8.58315
8.58315
9.08154
9.23328
9.23328
10.927
8.09713
8.68638
7.27491
4.90728
4.89156
4.89156
3.75713
3.71369
3.71369
4.14078
2.07997
5.99354
5.792
5.792
5.792
4.88624
4.88624
4.88624
3.88687
3.88687
3.88687
3.88687
6.163
5.72666
5.91329
3.77216
4.74635
2.23742
2.03589
2.03589
2.03589
0.896883
3.41938
3.41938
3.41938
3.41938
2.15877
3.0667
2.6016
4.32926
4.32926
5.52033
4.4187
4.4187
4.4187
4.29356
4.46198
4.46198
4.46198
3.08431
3.08431
4.66103
4.66103
5.5209
5.5209
6.46408
6.95525
6.95525
6.95525
6.95525
5.93624
5.74897
5.74897
3.01028
2.59489
2.29881
4.18001
4.54492
4.54492
4.54492
4.67538
4.67538
3.26464
3.39986
3.39986
5.94334
5.36168
5.2558
5.2558
7.03383
7.72287
7.75194
6.7133
6.7133
8.98233
8.98233
8.91113
8.91113
7.96846
7.96846
6.8987
5.17237
5.17237
5.17237
6.59825
6.59825
8.1886
5.70366
5.70366
6.23629
5.23602
3.37843
3.37843
3.37843
4.88503
3.5662
1.11941
1.11941
1.70341
1.70341
1.70341
1.70341
1.70341
4.86877
4.86877
4.86877
5.30492
4.48576
4.53174
4.53174
4.53174
4.53174
4.53174
1.95506
1.95506
1.95506
2.50696
2.50696
2.50696
3.6696
4.71624
2.1759
2.1759
2.1759
2.1759
2.1759
1.83858
2.57238
2.57238
1.43689
1.43689
1.43689
1.43689
4.04513
5.05643
7.07995
7.07995
7.14482
7.14482
5.19192
5.19192
4.74226
4.74226
4.74226
2.88461
2.88461
2.88461
2.9952
1.82131
1.82131
1.82131
1.0583
4.73681
3.54542
6.51798
6.51798
6.51798
6.51798
6.51798
6.51798
6.51798
7.67539
8.11953
8.11953
9.06357
9.06357
10.0947
8.67975
6.8054
6.8054
6.8054
6.8054
6.8054
6.8054
6.8054
6.8054
5.65219
5.65219
5.93552
6.41564
3.05252
3.05252
5.9972
4.38063
4.1492
4.1492
4.1492
3.02225
3.02225
1.90807
1.90807
1.9317
2.682
2.682
2.09458
2.09458
5.22365
7.34095
7.34095
7.54519
9.46194
9.46194
11.1164
11.0327
10.9188
11.1123
9.17005
6.80347
9.98013
8.41385
8.21665
7.77822
5.64328
5.64328
4.63518
2.72941
2.72941
4.94684
7.64213
7.64213
7.277
7.277
7.277
8.80597
8.01163
7.27861
7.27861
7.94643
7.9071
5.64622
5.33301
5.33301
5.33301
7.73358
7.73358
6.11779
6.11779
6.09276
7.28474
7.47791
7.47791
7.47791
7.47791
7.47791
6.68067
8.07772
8.07772
5.01797
5.01797
7.76567
5.99217
5.99217
5.61522
5.61522
6.66756
6.66756
6.66756
5.41246
5.41246
7.13466
8.44511
7.53058
7.45785
7.45785
5.01513
5.01513
5.01513
5.01513
5.01513
5.83231
4.01024
4.01024
2.6879
2.56574
2.56574
2.56574
2.56574
2.56574
2.98797
2.98797
2.98797
2.10005
2.10005
2.10005
3.50464
9.1153
10.3511
10.3511
8.90704
9.16733
9.16733
9.16733
9.16733
9.36661
5.40964
3.85559
3.85559
5.39558
5.39558
4.16295
4.16295
4.16295
4.16295
5.1836
5.10124
5.10124
3.14435
3.14435
3.14435
3.14435
3.14435
4.55651
4.55651
4.55651
5.30205
5.30205
4.94174
4.0051
4.0051
4.32583
4.32583
4.32583
6.28276
6.28276
6.28276
