 2893 1333
 2893 1435
 2893 1591
 2893 1719
 2893 1821
 2893 1885
 2893 2031
 2893 2163
 2893 2289
 2893 2421
 2893 2535
 2893 2599
 2893 2745
 2893 2863
 2893 2989
 2893 3081
 2893 3189
 2893 3285
 2893 3475
 2893 3601
 2893 3735
 2893 3921
 2893 4045
 2894   63
 2894  167
 2894  339
 2894  503
 2894  609
 2894  699
 2894  867
 2894 1029
 2894 1113
 2894 1209
 2894 1389
 2894 1505
 2894 1563
 2894 1707
 2894 1829
 2894 1919
 2894 2015
 2894 2169
 2894 2289
 2894 2415
 2894 2519
 2894 2649
 2894 2805
 2894 2907
 2894 3059
 2894 3213
 2894 3269
 2894 3405
 2894 3503
 2894 3585
 2894 3669
 2894 3767
 2894 3887
 2894 3977
 2894 4065
 2895   97
 2895  191
 2895  323
 2895  439
 2895  613
 2895  679
 2895  809
 2895  931
 2895 1069
 2895 1163
 2895 1247
 2895 1373
 2895 1507
 2895 1573
 2895 1663
 2895 1831
 2895 1969
 2895 2059
 2895 2167
 2895 2287
 2895 2459
 2895 2573
 2895 2717
 2895 2779
 2895 2891
 2895 3053
 2895 3179
 2895 3287
 2895 3383
 2895 3491
 2895 3637
 2895 3707
 2895 3781
 2895 3929
 2895 4033
 2896   61
 2896  213
 2896  291
 2896  453
 2896  595
 2896  745
 2896  895
 2896 1021
 2896 1107
 2896 1221
 2892 2609
 2892 2725
 2892 2837
 2892 2921
 2892 3047
 2892 3119
 2892 3241
 2892 3389
 2892 3475
 2892 3605
 2892 3677
 2892 3805
 2892 3937
 2892 4039
 2892 4091
 2893   81
 2893  219
 2893  333
 2893  421
 2893  555
 2893  679
 2893  829
 2893 1011
 2893 1171
 2893 1233
 2893 1339
 2893 1453
 2893 1621
 2893 1723
 2893 1831
 2893 1893
 2893 2059
 2893 2181
 2893 2323
 2893 2433
 2893 2545
 2893 2611
 2893 2785
 2893 2881
 2893 2991
 2893 3103
 2893 3193
 2893 3291
 2893 3489
 2893 3639
 2893 3801
 2893 3931
 2893 4063
 2894   65
 2894  177
 2894  345
 2894  507
 2894  615
 2894  705
 2894  885
 2894 1049
 2894 1137
 2894 1287
 2894 1395
 2894 1515
 2894 1575
 2894 1725
 2894 1839
 2894 1923
 2894 2045
 2894 2175
 2894 2315
 2894 2439
 2894 2535
 2894 2655
 2894 2817
 2894 2939
 2894 3075
 2894 3215
 2894 3275
 2894 3419
 2894 3507
 2894 3597
 2894 3675
 2894 3789
 2894 3927
 2894 3993
 2894 4083
 2895  103
 2895  211
 2895  347
 2895  457
 2895  623
 2895  709
 2895  827
 2895  973
 2895 1097
 2895 1181
 2895 1259
 2895 1387
 2895 1513
 2895 1583
 2895 1679
 2895 1871
 2895 1973
 2895 2069
 2895 2177
 2895 2303
 2895 2477
 2895 2597
 2895 2723
 2895 2783
 2895 2917
 2895 3073
 2895 3187
 2895 3299
 2895 3407
 2895 3493
 2895 3649
 2895 3719
 2895 3791
 2895 3953
 2895 4039
 2896   67
 2896  217
 2896  297
 2896  477
 2896  607
 2896  775
 2896  903
 2896 1023
 2896 1117
 2896 1233
