           1    0.334985    0.334985           0
           2    0.359415      0.3472   0.0122149
           3    0.337803    0.344068  0.00771656
           4    0.349022    0.345306  0.00559523
           5    0.355564    0.347358  0.00479505
           6    0.361787    0.349763  0.00459479
           7    0.342796    0.348767  0.00400882
           8    0.354437    0.349476  0.00354333
           9    0.344098    0.348879  0.00318154
          10     0.35588    0.349579  0.00293052
          11    0.334942    0.348248    0.002966
          12    0.330422    0.346763  0.00308833
          13    0.342035    0.346399  0.00286403
          14     0.33022    0.345243  0.00289247
          15    0.336744    0.344677  0.00275171
          16    0.346268    0.344776  0.00257591
          17    0.377021    0.346673  0.00307447
          18    0.320216    0.345203  0.00325001
          19     0.32565    0.344174  0.00324187
          20    0.342384    0.344084  0.00307681
          21     0.33055     0.34344  0.00299675
          22    0.324608    0.342584  0.00298276
          23    0.330716    0.342068  0.00289646
          24    0.333413    0.341707  0.00279649
          25    0.346513      0.3419  0.00268918
          26    0.362141    0.342678  0.00269843
          27    0.358096    0.343249  0.00265861
          28    0.369973    0.344204  0.00273391
          29    0.327818    0.343639  0.00269778
          30    0.373123    0.344621  0.00278545
          31    0.351903    0.344856  0.00270432
          32    0.348417    0.344968  0.00262081
          33    0.348708    0.345081  0.00254268
          34    0.339923    0.344929  0.00247142
          35    0.349947    0.345073  0.00240405
          36    0.372806    0.345843  0.00246005
          37    0.346157    0.345851  0.00239265
          38    0.304199    0.344755   0.0025739
          39    0.332701    0.344446  0.00252601
          40    0.321073    0.343862  0.00253044
          41    0.337031    0.343695  0.00247357
          42    0.337785    0.343555  0.00241806
          43    0.339346    0.343457  0.00236318
          44    0.346585    0.343528  0.00230994
          45    0.370715    0.344132  0.00233745
          46    0.359828    0.344473   0.0023114
          47    0.334433     0.34426  0.00227175
          48    0.368753     0.34477  0.00228171
          49    0.337786    0.344627   0.0022392
          50    0.324436    0.344223  0.00223081
          51    0.316724    0.343684  0.00225214
          52    0.356472     0.34393  0.00222205
          53    0.333688    0.343737  0.00218827
          54    0.319461    0.343287  0.00219392
          55    0.335351    0.343143  0.00215849
          56    0.330507    0.342917  0.00213157
          57    0.342157    0.342904  0.00209388
          58    0.336561    0.342795  0.00206037
          59     0.35431     0.34299  0.00203453
          60     0.35307    0.343158  0.00200737
          61    0.343804    0.343168  0.00197422
          62    0.349681    0.343273  0.00194496
          63    0.352476     0.34342   0.0019194
          64    0.325376    0.343138  0.00191009
          65    0.366231    0.343493  0.00191375
          66    0.354191    0.343655  0.00189149
          67    0.347853    0.343718  0.00186409
          68    0.330231    0.343519  0.00184716
          69    0.355937    0.343699  0.00182906
          70    0.349381     0.34378  0.00180457
          71    0.371104    0.344165  0.00182012
          72    0.341781    0.344132  0.00179497
          73    0.352296    0.344244  0.00177374
          74    0.362986    0.344497  0.00176784
          75    0.342265    0.344468  0.00174437
          76    0.326743    0.344234  0.00173699
          77    0.344175    0.344234  0.00171428
          78    0.353654    0.344354  0.00169647
          79    0.327397     0.34414  0.00168855
          80    0.346502    0.344169  0.00166757
          81    0.351935    0.344265  0.00164965
          82    0.345699    0.344283   0.0016295
          83    0.336701    0.344191  0.00161233
          84    0.357339    0.344348   0.0016007
          85    0.329107    0.344168  0.00159188
          86    0.333082     0.34404  0.00157854
          87    0.335553    0.343942  0.00156333
          88    0.341073    0.343909  0.00154581
          89    0.340542    0.343872  0.00152881
          90      0.3252    0.343664   0.0015259
          91    0.352597    0.343762  0.00151223
          92    0.345088    0.343777  0.00149577
          93     0.35052    0.343849  0.00148137
          94     0.32249    0.343622  0.00148304
          95    0.332058      0.3435  0.00147238
          96    0.334365    0.343405  0.00146007
          97    0.337298    0.343342  0.00144631
          98    0.327733    0.343183  0.00144031
          99    0.340358    0.343154  0.00142597
         100    0.328448    0.343007  0.00141928
         101    0.343698    0.343014  0.00140517
         102      0.3385     0.34297  0.00139203
         103    0.343636    0.342976  0.00137847
         104    0.362863    0.343167  0.00137848
         105    0.380427    0.343522  0.00141065
         106    0.343808    0.343525  0.00139728
         107    0.338784    0.343481  0.00138487
         108    0.346148    0.343505  0.00137221
         109    0.339976    0.343473  0.00135994
         110    0.342425    0.343464  0.00134756
         111    0.320051    0.343253  0.00135192
         112     0.31905    0.343037  0.00135711
         113    0.336311    0.342977  0.00134636
         114    0.344761    0.342993  0.00133459
         115    0.339186     0.34296  0.00132335
         116    0.362897    0.343131   0.0013231
         117    0.343455    0.343134  0.00131175
         118    0.340491    0.343112  0.00130078
         119    0.355321    0.343214  0.00129387
         120    0.339231    0.343181  0.00128348
         121    0.355844    0.343286  0.00127712
         122    0.358823    0.343413  0.00127299
         123    0.327968    0.343288  0.00126883
         124    0.338271    0.343247  0.00125921
         125    0.337561    0.343202  0.00124992
         126    0.331982    0.343113  0.00124315
         127    0.329416    0.343005  0.00123803
         128    0.320782    0.342831  0.00124053
         129    0.369509    0.343038  0.00124813
         130    0.325502    0.342903  0.00124582
         131    0.355826    0.343002   0.0012402
         132    0.355343    0.343095  0.00123431
         133    0.342437     0.34309  0.00122501
         134    0.359603    0.343214  0.00122206
         135    0.348794    0.343255  0.00121368
         136    0.345759    0.343273  0.00120486
         137    0.339501    0.343246  0.00119635
         138    0.340212    0.343224  0.00118785
         139    0.326476    0.343103  0.00118542
         140    0.315581    0.342907  0.00119322
         141    0.326618    0.342791  0.00119035
         142    0.345134    0.342808  0.00118205
         143    0.332851    0.342738  0.00117582
         144    0.346649    0.342765  0.00116794
         145    0.351183    0.342823  0.00116131
         146    0.322685    0.342685  0.00116155
         147    0.355324    0.342771  0.00115682
         148     0.34675    0.342798  0.00114929
         149    0.318692    0.342636  0.00115296
         150    0.333899    0.342578  0.00114673
         151    0.341213    0.342569  0.00113914
         152    0.351291    0.342626  0.00113308
         153    0.319764    0.342477  0.00113552
         154    0.353205    0.342547  0.00113027
         155    0.318042    0.342389  0.00113403
         156    0.329484    0.342306  0.00112977
         157    0.339296    0.342287  0.00112272
         158    0.353776    0.342359  0.00111796
         159     0.33977    0.342343  0.00111102
         160    0.344418    0.342356  0.00110413
         161    0.327468    0.342264  0.00110114
         162    0.336834     0.34223  0.00109484
         163    0.307382    0.342016   0.0011089
         164    0.340134    0.342005  0.00110218
         165    0.340258    0.341994  0.00109553
         166    0.335783    0.341957  0.00108956
         167    0.371172    0.342132  0.00109705
         168    0.308144    0.341929  0.00110911
         169    0.350957    0.341983  0.00110382
         170    0.347537    0.342016  0.00109779
         171    0.354099    0.342086  0.00109364
         172    0.347361    0.342117   0.0010877
         173    0.331146    0.342053  0.00108325
         174    0.342755    0.342058  0.00107701
         175    0.351379    0.342111  0.00107216
         176     0.33552    0.342073  0.00106671
         177    0.343433    0.342081   0.0010607
         178    0.321216    0.341964  0.00106121
         179    0.334237    0.341921  0.00105615
         180    0.305605    0.341719  0.00106947
         181    0.331826    0.341664  0.00106495
         182    0.339864    0.341654  0.00105913
         183     0.34142    0.341653  0.00105332
         184    0.327575    0.341577  0.00105037
         185    0.364042    0.341698  0.00105172
         186    0.334301    0.341658   0.0010468
         187    0.355741    0.341734  0.00104391
         188    0.349025    0.341772  0.00103906
         189    0.351875    0.341826  0.00103493
         190    0.324937    0.341737   0.0010333
         191     0.34667    0.341763   0.0010282
         192    0.354056    0.341827  0.00102484
         193    0.337692    0.341805  0.00101974
         194    0.373164    0.341967  0.00102726
         195    0.353917    0.342028  0.00102382
         196    0.341106    0.342024  0.00101859
         197    0.338575    0.342006  0.00101356
         198    0.324467    0.341917  0.00101231
         199    0.348955    0.341953  0.00100783
         200    0.355689    0.342021  0.00100513
         201    0.338464    0.342004  0.00100027
         202    0.326289    0.341926 0.000998344
         203    0.351734    0.341974 0.000994588
         204    0.329427    0.341913  0.00099161
         205    0.340913    0.341908 0.000986773
         206    0.343494    0.341916 0.000982001
         207    0.350496    0.341957 0.000978124
         208    0.365183    0.342069 0.000979794
         209    0.353147    0.342122 0.000976535
         210    0.337207    0.342098 0.000972155
         211    0.332761    0.342054 0.000968548
         212    0.332419    0.342009  0.00096504
         213    0.343685    0.342016  0.00096053
         214    0.358045    0.342091 0.000958961
         215    0.343495    0.342098 0.000954512
         216    0.344353    0.342108  0.00095014
         217    0.369087    0.342233 0.000953889
         218    0.335064      0.3422 0.000950072
         219    0.341957    0.342199 0.000945725
         220    0.324104    0.342116 0.000945002
         221    0.340633     0.34211 0.000940741
         222    0.370894    0.342239 0.000945426
         223    0.347436    0.342263 0.000941466
         224    0.335918    0.342234 0.000937681
         225    0.325361    0.342159 0.000936512
         226    0.335425     0.34213 0.000932835
         227    0.340112    0.342121 0.000928759
         228    0.364624    0.342219 0.000929929
         229    0.329971    0.342166 0.000927403
         230    0.334328    0.342132 0.000923991
         231    0.351359    0.342172 0.000920849
         232    0.351644    0.342213 0.000917779
         233    0.354827    0.342267 0.000915434
         234    0.318593    0.342166 0.000917111
         235    0.344072    0.342174 0.000913236
         236    0.340738    0.342168 0.000909379
         237    0.353478    0.342215  0.00090679
         238    0.358884    0.342285 0.000905684
         239    0.352054    0.342326 0.000902813
         240    0.371556    0.342448 0.000907255
         241    0.343517    0.342452 0.000903494
         242    0.345018    0.342463 0.000899815
         243    0.337388    0.342442 0.000896347
         244    0.351571     0.34248  0.00089345
         245    0.326286    0.342413 0.000892247
         246    0.337032    0.342392 0.000888882
         247    0.327913    0.342333 0.000887215
         248    0.376467    0.342471 0.000894285
         249    0.345979    0.342485 0.000890798
         250    0.346385      0.3425 0.000887365
         251     0.35961    0.342568 0.000886447
         252    0.327592    0.342509  0.00088492
         253    0.339623    0.342498  0.00088149
         254    0.320609    0.342411 0.000882231
         255    0.350867    0.342445  0.00087939
         256    0.342385    0.342444 0.000875948
         257    0.343063    0.342447 0.000872536
         258    0.328521    0.342393 0.000870822
         259    0.365047     0.34248 0.000871852
         260    0.330882    0.342436 0.000869637
         261    0.340049    0.342427 0.000866347
         262    0.335145    0.342399 0.000863482
         263    0.327383    0.342342 0.000862085
         264     0.34681    0.342359  0.00085898
         265     0.36664     0.34245 0.000860624
         266    0.329192      0.3424  0.00085883
         267    0.341431    0.342397 0.000855615
         268    0.374079    0.342515 0.000860575
         269     0.35581    0.342564 0.000858794
         270    0.341913    0.342562  0.00085561
         271    0.341071    0.342556 0.000852465
         272    0.320029    0.342474 0.000853354
         273    0.348746    0.342497 0.000850532
         274    0.316527    0.342402 0.000852706
         275    0.348979    0.342426 0.000849937
         276    0.342726    0.342427 0.000846852
         277    0.348669    0.342449  0.00084409
         278    0.351397    0.342482 0.000841664
         279    0.338476    0.342467 0.000838765
         280    0.342846    0.342469 0.000835765
         281    0.324432    0.342404 0.000835255
         282    0.324683    0.342342 0.000834657
         283    0.320685    0.342265 0.000835216
         284    0.340954     0.34226 0.000832282
         285    0.359018    0.342319 0.000831439
         286    0.354473    0.342362 0.000829616
         287    0.332263    0.342327 0.000827469
         288    0.332058    0.342291 0.000825361
         289    0.370563    0.342389 0.000828297
         290    0.329444    0.342344 0.000826642
         291     0.32476    0.342284  0.00082601
         292    0.365153    0.342362 0.000826893
         293    0.331969    0.342326 0.000824829
         294    0.341362    0.342323 0.000822026
         295    0.344461     0.34233 0.000819266
         296    0.339412    0.342321 0.000816553
         297     0.31552     0.34223 0.000818787
         298     0.34717    0.342247 0.000816203
         299    0.326336    0.342194 0.000815208
         300    0.360144    0.342254 0.000814686
           1    0.334985    0.334985           0
           2    0.359415      0.3472   0.0122149
           3    0.337803    0.344068  0.00771656
           4    0.349022    0.345306  0.00559523
           5    0.355564    0.347358  0.00479505
           6    0.361787    0.349763  0.00459479
           7    0.342796    0.348767  0.00400882
           8    0.354437    0.349476  0.00354333
           9    0.344098    0.348879  0.00318154
          10     0.35588    0.349579  0.00293052
          11    0.334942    0.348248    0.002966
          12    0.330422    0.346763  0.00308833
          13    0.342035    0.346399  0.00286403
          14     0.33022    0.345243  0.00289247
          15    0.336744    0.344677  0.00275171
          16    0.346268    0.344776  0.00257591
          17    0.377021    0.346673  0.00307447
          18    0.320216    0.345203  0.00325001
          19     0.32565    0.344174  0.00324187
          20    0.342384    0.344084  0.00307681
          21     0.33055     0.34344  0.00299675
          22    0.324608    0.342584  0.00298276
          23    0.330716    0.342068  0.00289646
          24    0.333413    0.341707  0.00279649
          25    0.346513      0.3419  0.00268918
          26    0.362141    0.342678  0.00269843
          27    0.358096    0.343249  0.00265861
          28    0.369973    0.344204  0.00273391
          29    0.327818    0.343639  0.00269778
          30    0.373123    0.344621  0.00278545
          31    0.351903    0.344856  0.00270432
          32    0.348417    0.344968  0.00262081
          33    0.348708    0.345081  0.00254268
          34    0.339923    0.344929  0.00247142
          35    0.349947    0.345073  0.00240405
          36    0.372806    0.345843  0.00246005
          37    0.346157    0.345851  0.00239265
          38    0.304199    0.344755   0.0025739
          39    0.332701    0.344446  0.00252601
          40    0.321073    0.343862  0.00253044
          41    0.337031    0.343695  0.00247357
          42    0.337785    0.343555  0.00241806
          43    0.339346    0.343457  0.00236318
          44    0.346585    0.343528  0.00230994
          45    0.370715    0.344132  0.00233745
          46    0.359828    0.344473   0.0023114
          47    0.334433     0.34426  0.00227175
          48    0.368753     0.34477  0.00228171
          49    0.337786    0.344627   0.0022392
          50    0.324436    0.344223  0.00223081
          51    0.316724    0.343684  0.00225214
          52    0.356472     0.34393  0.00222205
          53    0.333688    0.343737  0.00218827
          54    0.319461    0.343287  0.00219392
          55    0.335351    0.343143  0.00215849
          56    0.330507    0.342917  0.00213157
          57    0.342157    0.342904  0.00209388
          58    0.336561    0.342795  0.00206037
          59     0.35431     0.34299  0.00203453
          60     0.35307    0.343158  0.00200737
          61    0.343804    0.343168  0.00197422
          62    0.349681    0.343273  0.00194496
          63    0.352476     0.34342   0.0019194
          64    0.325376    0.343138  0.00191009
          65    0.366231    0.343493  0.00191375
          66    0.354191    0.343655  0.00189149
          67    0.347853    0.343718  0.00186409
          68    0.330231    0.343519  0.00184716
          69    0.355937    0.343699  0.00182906
          70    0.349381     0.34378  0.00180457
          71    0.371104    0.344165  0.00182012
          72    0.341781    0.344132  0.00179497
          73    0.352296    0.344244  0.00177374
          74    0.362986    0.344497  0.00176784
          75    0.342265    0.344468  0.00174437
          76    0.326743    0.344234  0.00173699
          77    0.344175    0.344234  0.00171428
          78    0.353654    0.344354  0.00169647
          79    0.327397     0.34414  0.00168855
          80    0.346502    0.344169  0.00166757
          81    0.351935    0.344265  0.00164965
          82    0.345699    0.344283   0.0016295
          83    0.336701    0.344191  0.00161233
          84    0.357339    0.344348   0.0016007
          85    0.329107    0.344168  0.00159188
          86    0.333082     0.34404  0.00157854
          87    0.335553    0.343942  0.00156333
          88    0.341073    0.343909  0.00154581
          89    0.340542    0.343872  0.00152881
          90      0.3252    0.343664   0.0015259
          91    0.352597    0.343762  0.00151223
          92    0.345088    0.343777  0.00149577
          93     0.35052    0.343849  0.00148137
          94     0.32249    0.343622  0.00148304
          95    0.332058      0.3435  0.00147238
          96    0.334365    0.343405  0.00146007
          97    0.337298    0.343342  0.00144631
          98    0.327733    0.343183  0.00144031
          99    0.340358    0.343154  0.00142597
         100    0.328448    0.343007  0.00141928
