           1   -0.778021   -0.778021           0
           2   -0.809589   -0.793805   0.0157837
           3   -0.782992   -0.790201  0.00979973
           4   -0.785975   -0.789144   0.0070095
           5   -0.796512   -0.790618  0.00562594
           6   -0.803315   -0.792734  0.00505757
           7   -0.779218   -0.790803   0.0046903
           8   -0.789376   -0.790625  0.00406584
           9    -0.78291   -0.789768  0.00368676
          10   -0.800086   -0.790799   0.0034552
          11   -0.782816   -0.790074  0.00320852
          12   -0.761222   -0.787669  0.00378939
          13   -0.782934   -0.787305  0.00350471
          14   -0.774577   -0.786396  0.00336969
          15   -0.780702   -0.786016  0.00315989
          16    -0.77925   -0.785593  0.00298591
          17   -0.815891   -0.787376  0.00332312
          18   -0.766014   -0.786189  0.00335029
          19   -0.766318   -0.785143  0.00333717
          20   -0.773306   -0.784551  0.00322077
          21   -0.768199   -0.783773  0.00316098
          22   -0.769171   -0.783109  0.00308609
          23   -0.785401   -0.783209  0.00295055
          24   -0.768251   -0.782585  0.00289286
          25   -0.783741   -0.782632  0.00277512
          26   -0.797147    -0.78319  0.00272407
          27   -0.802993   -0.783923  0.00272191
          28   -0.802406   -0.784583  0.00270469
          29   -0.768258    -0.78402  0.00266978
          30    -0.81936   -0.785198  0.00283552
          31   -0.765606   -0.784566  0.00281441
          32   -0.795048   -0.784894  0.00274466
          33   -0.794006    -0.78517  0.00267448
          34    -0.79888   -0.785573  0.00262577
          35   -0.787391   -0.785625  0.00255017
          36   -0.812439    -0.78637  0.00258782
          37   -0.788244   -0.786421  0.00251742
          38    -0.74884   -0.785432  0.00264233
          39   -0.773481   -0.785125  0.00259186
          40   -0.774264   -0.784854  0.00254078
          41   -0.771686   -0.784533  0.00249877
          42   -0.775045   -0.784307  0.00244899
          43    -0.78831     -0.7844  0.00239317
          44   -0.779934   -0.784298  0.00234035
          45   -0.804808   -0.784754  0.00233271
          46   -0.799547   -0.785076  0.00230399
          47   -0.767579   -0.784703  0.00228496
          48   -0.814922   -0.785333  0.00232376
          49   -0.783696     -0.7853  0.00227609
          50   -0.762345    -0.78484  0.00227686
          51   -0.769224   -0.784534  0.00225268
          52   -0.803538     -0.7849  0.00223896
          53   -0.774348   -0.784701  0.00220532
          54   -0.747115   -0.784005  0.00227327
          55   -0.784494   -0.784013  0.00223158
          56   -0.764332   -0.783662  0.00221937
          57   -0.794892   -0.783859  0.00218897
          58   -0.786923   -0.783912  0.00215155
          59   -0.792295   -0.784054  0.00211953
          60   -0.805088   -0.784405  0.00211319
          61    -0.77635   -0.784273  0.00208245
          62   -0.790483   -0.784373  0.00205103
          63   -0.798706     -0.7846    0.002031
          64   -0.755174    -0.78414  0.00205121
          65   -0.809177   -0.784526  0.00205581
          66   -0.809666   -0.784907  0.00205995
          67   -0.796771   -0.785084  0.00203668
          68   -0.772377   -0.784897  0.00201519
          69   -0.811963   -0.785289  0.00202414
          70   -0.800432   -0.785505  0.00200671
          71   -0.810715    -0.78586  0.00200986
          72   -0.781736   -0.785803  0.00198257
          73   -0.803479   -0.786045  0.00197016
          74   -0.812285     -0.7864  0.00197544
          75   -0.786712   -0.786404  0.00194893
          76   -0.759522    -0.78605  0.00195537
          77   -0.794325   -0.786158   0.0019328
          78   -0.798824    -0.78632  0.00191476
          79   -0.762448   -0.786018  0.00191436
          80   -0.781247   -0.785958  0.00189122
          81   -0.777576   -0.785855  0.00187059
          82    -0.78118   -0.785798  0.00184852
          83   -0.785722   -0.785797  0.00182611
          84   -0.803818   -0.786011  0.00181695
          85   -0.775148   -0.785884  0.00179999
          86   -0.767627   -0.785671  0.00179156
          87    -0.76484   -0.785432  0.00178696
          88   -0.788483   -0.785467  0.00176688
          89   -0.784018    -0.78545  0.00174699
          90   -0.769238    -0.78527  0.00173684
          91   -0.781188   -0.785225  0.00171823
          92   -0.791509   -0.785294  0.00170082
          93   -0.786417   -0.785306  0.00168248
          94   -0.767172   -0.785113  0.00167563
          95   -0.785498   -0.785117   0.0016579
          96   -0.788436   -0.785151   0.0016409
          97   -0.786997    -0.78517  0.00162401
          98   -0.773991   -0.785056   0.0016114
          99   -0.787471   -0.785081  0.00159522
         100   -0.774687   -0.784977  0.00158261
         101   -0.787301      -0.785  0.00156703
         102   -0.776366   -0.784915   0.0015539
         103   -0.767397   -0.784745  0.00154811
         104   -0.805846   -0.784948  0.00154652
         105   -0.812927   -0.785214  0.00155472
         106    -0.78704   -0.785232  0.00154008
         107   -0.785464   -0.785234  0.00152562
         108   -0.786707   -0.785248  0.00151149
         109   -0.770052   -0.785108  0.00150403
         110   -0.771277   -0.784982  0.00149559
         111   -0.753342   -0.784697  0.00150922
         112   -0.759197    -0.78447  0.00151291
         113   -0.786057   -0.784484  0.00149953
         114   -0.793506   -0.784563  0.00148843
         115   -0.792604   -0.784633  0.00147708
         116   -0.801889   -0.784782  0.00147183
         117   -0.774507   -0.784694  0.00146184
         118   -0.779801   -0.784652  0.00144999
         119   -0.799573   -0.784778  0.00144321
         120   -0.782019   -0.784755  0.00143132
         121   -0.805595   -0.784927  0.00142985
         122   -0.794477   -0.785005  0.00142024
         123   -0.757874   -0.784785  0.00142581
         124   -0.761494   -0.784597  0.00142668
         125   -0.781745   -0.784574  0.00141541
         126   -0.769675   -0.784456   0.0014091
         127   -0.774335   -0.784376  0.00140023
         128   -0.763831   -0.784215  0.00139849
         129   -0.820213   -0.784495  0.00141539
         130   -0.761649   -0.784319  0.00141541
         131   -0.806246   -0.784486   0.0014145
         132   -0.793075   -0.784551  0.00140525
         133   -0.791011     -0.7846  0.00139549
         134   -0.801708   -0.784727  0.00139091
         135    -0.77442   -0.784651  0.00138268
         136   -0.789877    -0.78469  0.00137301
         137   -0.779546   -0.784652  0.00136347
         138   -0.783285   -0.784642  0.00135359
         139   -0.766746   -0.784513  0.00134997
         140   -0.740456   -0.784199  0.00137674
         141   -0.774121   -0.784127  0.00136881
         142   -0.794388   -0.784199  0.00136105
         143    -0.77181   -0.784113  0.00135428
         144   -0.791218   -0.784162  0.00134574
         145   -0.793523   -0.784227  0.00133799
         146   -0.757081   -0.784041  0.00134174
         147   -0.814813    -0.78425  0.00134892
         148   -0.791239   -0.784297  0.00134061
         149   -0.757119   -0.784115  0.00134402
         150   -0.772798   -0.784039  0.00133716
         151   -0.793367   -0.784101  0.00132971
         152   -0.793163   -0.784161  0.00132228
         153   -0.751893    -0.78395  0.00133043
         154   -0.786915   -0.783969   0.0013219
         155   -0.763618   -0.783838  0.00131989
         156   -0.776611   -0.783792  0.00131222
         157   -0.775669    -0.78374  0.00130486
         158   -0.795915   -0.783817  0.00129886
         159   -0.786628   -0.783835  0.00129079
         160   -0.791713   -0.783884  0.00128364
         161   -0.761715   -0.783746  0.00128305
         162   -0.787598    -0.78377  0.00127533
         163   -0.748682   -0.783555  0.00128563
         164   -0.778256   -0.783522  0.00127818
         165   -0.797594   -0.783608  0.00127327
         166   -0.774263   -0.783551  0.00126683
         167   -0.817413   -0.783754  0.00127544
         168   -0.758136   -0.783602  0.00127696
         169    -0.79191   -0.783651  0.00127033
         170   -0.786724   -0.783669  0.00126297
         171   -0.794965   -0.783735   0.0012573
         172   -0.782713   -0.783729  0.00124998
         173   -0.776008   -0.783684  0.00124354
         174    -0.77675   -0.783644  0.00123701
         175   -0.796179   -0.783716    0.001232
         176    -0.79489    -0.78378  0.00122663
         177     -0.7606   -0.783649  0.00122669
         178   -0.762203   -0.783528  0.00122571
         179   -0.794788   -0.783591  0.00122047
         180    -0.74577   -0.783381  0.00123172
         181   -0.780288   -0.783364  0.00122502
         182   -0.788355   -0.783391  0.00121858
         183   -0.788591    -0.78342  0.00121223
         184    -0.75893   -0.783287  0.00121295
         185   -0.799799   -0.783376  0.00120968
         186   -0.779188   -0.783353  0.00120337
         187   -0.802502   -0.783456  0.00120129
         188   -0.798711   -0.783537  0.00119763
         189   -0.787955    -0.78356  0.00119151
         190   -0.763039   -0.783452  0.00119013
         191   -0.784956    -0.78346  0.00118391
         192   -0.808906   -0.783593  0.00118516
         193   -0.784064   -0.783595  0.00117901
         194   -0.811626    -0.78374  0.00118178
         195   -0.799827   -0.783822  0.00117859
         196   -0.794817   -0.783878  0.00117391
         197   -0.778207   -0.783849  0.00116829
         198   -0.782608   -0.783843  0.00116239
         199   -0.781694   -0.783832  0.00115658
         200   -0.785862   -0.783842  0.00115083
         201   -0.779836   -0.783823  0.00114526
         202   -0.781019   -0.783809  0.00113966
         203   -0.787729   -0.783828   0.0011342
         204   -0.772725   -0.783774  0.00112994
         205   -0.777359   -0.783742  0.00112485
         206   -0.787943   -0.783763  0.00111956
         207   -0.795111   -0.783817  0.00111549
         208   -0.803284   -0.783911  0.00111405
         209    -0.77334    -0.78386  0.00110986
         210   -0.787725   -0.783879  0.00110471
         211   -0.769935   -0.783813  0.00110145
         212   -0.775903   -0.783775  0.00109688
         213   -0.780623   -0.783761  0.00109182
         214   -0.799687   -0.783835  0.00108925
         215   -0.791354    -0.78387  0.00108473
         216    -0.78879   -0.783893  0.00107994
         217   -0.812083   -0.784023  0.00108277
         218   -0.773604   -0.783975  0.00107885
         219   -0.790014   -0.784003  0.00107427
         220   -0.764382   -0.783913  0.00107309
         221   -0.786495   -0.783925  0.00106829
         222   -0.811195   -0.784048  0.00107053
         223   -0.797197   -0.784107  0.00106735
         224   -0.787347   -0.784121  0.00106268
         225   -0.772298   -0.784069  0.00105925
         226   -0.754506   -0.783938  0.00106263
         227   -0.775662   -0.783901  0.00105857
         228   -0.811271   -0.784022  0.00106073
         229    -0.77617   -0.783987  0.00105664
         230   -0.784209   -0.783988  0.00105204
         231   -0.785579   -0.783995   0.0010475
         232   -0.784903   -0.783999  0.00104298
         233   -0.779309   -0.783979  0.00103869
         234    -0.75275   -0.783845  0.00104282
         235   -0.789951   -0.783871  0.00103869
         236   -0.783023   -0.783868  0.00103429
         237   -0.784241   -0.783869  0.00102992
         238   -0.800805   -0.783941  0.00102805
         239   -0.787474   -0.783955  0.00102384
         240      -0.816   -0.784089  0.00102827
         241   -0.790252   -0.784114  0.00102432
         242   -0.781734   -0.784105  0.00102012
         243   -0.787988   -0.784121  0.00101604
         244   -0.788066   -0.784137    0.001012
         245   -0.776818   -0.784107   0.0010083
         246   -0.785552   -0.784113  0.00100421
         247   -0.759194   -0.784012  0.00100521
         248   -0.812434   -0.784126  0.00100769
         249   -0.783385   -0.784123  0.00100364
         250   -0.793665   -0.784162  0.00100034
         251   -0.798024   -0.784217 0.000997881
         252   -0.778675   -0.784195 0.000994156
         253   -0.782235   -0.784187 0.000990249
         254   -0.778336   -0.784164 0.000986612
         255   -0.800877    -0.78423 0.000984919
         256   -0.792911   -0.784264  0.00098165
         257    -0.79119   -0.784291 0.000978194
         258   -0.769161   -0.784232 0.000976158
         259   -0.796721    -0.78428 0.000973577
         260   -0.792213   -0.784311 0.000970305
         261   -0.785238   -0.784314 0.000966587
         262   -0.785908    -0.78432 0.000962909
         263   -0.770486   -0.784268 0.000960682
         264   -0.791114   -0.784294 0.000957388
         265   -0.813251   -0.784403 0.000960008
         266   -0.778049   -0.784379  0.00095669
         267   -0.785569   -0.784383 0.000953111
         268   -0.802122    -0.78445 0.000951852
         269   -0.799083   -0.784504 0.000949866
         270   -0.778879   -0.784483  0.00094657
         271   -0.784174   -0.784482 0.000943072
         272   -0.769431   -0.784427 0.000941226
         273   -0.795602   -0.784468 0.000938665
         274   -0.759458   -0.784376 0.000939677
         275   -0.807473    -0.78446 0.000940013
         276   -0.787418   -0.784471 0.000936662
         277    -0.79994   -0.784527 0.000934944
         278   -0.791033    -0.78455 0.000931869
         279   -0.771915   -0.784505 0.000929627
         280   -0.780762   -0.784492 0.000926397
         281   -0.766963   -0.784429   0.0009252
         282   -0.761571   -0.784348  0.00092547
         283   -0.756532    -0.78425 0.000927417
         284   -0.779171   -0.784232 0.000924319
         285    -0.80308   -0.784298 0.000923441
         286   -0.809917   -0.784388 0.000924556
         287   -0.766708   -0.784326 0.000923386
         288   -0.762887   -0.784252 0.000923181
         289   -0.813915   -0.784354 0.000925689
         290   -0.755507   -0.784255 0.000927839
         291   -0.776882    -0.78423 0.000924992
         292   -0.805059   -0.784301 0.000924575
         293   -0.797046   -0.784344  0.00092244
         294   -0.779891   -0.784329 0.000919422
         295   -0.775495   -0.784299 0.000916789
         296   -0.757021   -0.784207 0.000918322
         297   -0.760214   -0.784126 0.000918783
         298   -0.795406   -0.784164 0.000916477
         299   -0.760351   -0.784085 0.000916872
         300   -0.795772   -0.784123 0.000914641
           1   -0.778021   -0.778021           0
           2   -0.809589   -0.793805   0.0157837
           3   -0.782992   -0.790201  0.00979973
           4   -0.785975   -0.789144   0.0070095
           5   -0.796512   -0.790618  0.00562594
           6   -0.803315   -0.792734  0.00505757
           7   -0.779218   -0.790803   0.0046903
           8   -0.789376   -0.790625  0.00406584
           9    -0.78291   -0.789768  0.00368676
          10   -0.800086   -0.790799   0.0034552
          11   -0.782816   -0.790074  0.00320852
          12   -0.761222   -0.787669  0.00378939
          13   -0.782934   -0.787305  0.00350471
          14   -0.774577   -0.786396  0.00336969
          15   -0.780702   -0.786016  0.00315989
          16    -0.77925   -0.785593  0.00298591
          17   -0.815891   -0.787376  0.00332312
          18   -0.766014   -0.786189  0.00335029
          19   -0.766318   -0.785143  0.00333717
          20   -0.773306   -0.784551  0.00322077
          21   -0.768199   -0.783773  0.00316098
          22   -0.769171   -0.783109  0.00308609
          23   -0.785401   -0.783209  0.00295055
          24   -0.768251   -0.782585  0.00289286
          25   -0.783741   -0.782632  0.00277512
          26   -0.797147    -0.78319  0.00272407
          27   -0.802993   -0.783923  0.00272191
          28   -0.802406   -0.784583  0.00270469
          29   -0.768258    -0.78402  0.00266978
          30    -0.81936   -0.785198  0.00283552
          31   -0.765606   -0.784566  0.00281441
          32   -0.795048   -0.784894  0.00274466
          33   -0.794006    -0.78517  0.00267448
          34    -0.79888   -0.785573  0.00262577
          35   -0.787391   -0.785625  0.00255017
          36   -0.812439    -0.78637  0.00258782
          37   -0.788244   -0.786421  0.00251742
          38    -0.74884   -0.785432  0.00264233
          39   -0.773481   -0.785125  0.00259186
          40   -0.774264   -0.784854  0.00254078
          41   -0.771686   -0.784533  0.00249877
          42   -0.775045   -0.784307  0.00244899
          43    -0.78831     -0.7844  0.00239317
          44   -0.779934   -0.784298  0.00234035
          45   -0.804808   -0.784754  0.00233271
          46   -0.799547   -0.785076  0.00230399
          47   -0.767579   -0.784703  0.00228496
          48   -0.814922   -0.785333  0.00232376
          49   -0.783696     -0.7853  0.00227609
          50   -0.762345    -0.78484  0.00227686
          51   -0.769224   -0.784534  0.00225268
          52   -0.803538     -0.7849  0.00223896
          53   -0.774348   -0.784701  0.00220532
          54   -0.747115   -0.784005  0.00227327
          55   -0.784494   -0.784013  0.00223158
          56   -0.764332   -0.783662  0.00221937
          57   -0.794892   -0.783859  0.00218897
          58   -0.786923   -0.783912  0.00215155
          59   -0.792295   -0.784054  0.00211953
          60   -0.805088   -0.784405  0.00211319
          61    -0.77635   -0.784273  0.00208245
          62   -0.790483   -0.784373  0.00205103
          63   -0.798706     -0.7846    0.002031
          64   -0.755174    -0.78414  0.00205121
          65   -0.809177   -0.784526  0.00205581
          66   -0.809666   -0.784907  0.00205995
          67   -0.796771   -0.785084  0.00203668
          68   -0.772377   -0.784897  0.00201519
          69   -0.811963   -0.785289  0.00202414
          70   -0.800432   -0.785505  0.00200671
          71   -0.810715    -0.78586  0.00200986
          72   -0.781736   -0.785803  0.00198257
          73   -0.803479   -0.786045  0.00197016
          74   -0.812285     -0.7864  0.00197544
          75   -0.786712   -0.786404  0.00194893
          76   -0.759522    -0.78605  0.00195537
          77   -0.794325   -0.786158   0.0019328
          78   -0.798824    -0.78632  0.00191476
          79   -0.762448   -0.786018  0.00191436
          80   -0.781247   -0.785958  0.00189122
          81   -0.777576   -0.785855  0.00187059
          82    -0.78118   -0.785798  0.00184852
          83   -0.785722   -0.785797  0.00182611
          84   -0.803818   -0.786011  0.00181695
          85   -0.775148   -0.785884  0.00179999
          86   -0.767627   -0.785671  0.00179156
          87    -0.76484   -0.785432  0.00178696
          88   -0.788483   -0.785467  0.00176688
          89   -0.784018    -0.78545  0.00174699
          90   -0.769238    -0.78527  0.00173684
          91   -0.781188   -0.785225  0.00171823
          92   -0.791509   -0.785294  0.00170082
          93   -0.786417   -0.785306  0.00168248
          94   -0.767172   -0.785113  0.00167563
          95   -0.785498   -0.785117   0.0016579
          96   -0.788436   -0.785151   0.0016409
          97   -0.786997    -0.78517  0.00162401
          98   -0.773991   -0.785056   0.0016114
          99   -0.787471   -0.785081  0.00159522
         100   -0.774687   -0.784977  0.00158261
