           1   -0.443036   -0.443036           0
           2   -0.450174   -0.446605  0.00356883
           3   -0.445188   -0.446133  0.00211391
           4   -0.436954   -0.443838   0.0027387
           5   -0.440948    -0.44326   0.0021987
           6   -0.441528   -0.442971   0.0018183
           7   -0.436422   -0.442036  0.00179913
           8   -0.434939   -0.441149  0.00179293
           9   -0.438812   -0.440889  0.00160238
          10   -0.444206   -0.441221  0.00147109
          11   -0.447874   -0.441826  0.00146167
          12     -0.4308   -0.440907  0.00162004
          13   -0.440899   -0.440906  0.00149022
          14   -0.444358   -0.441153  0.00140153
          15   -0.443958    -0.44134  0.00131809
          16   -0.432982   -0.440817  0.00133906
          17    -0.43887   -0.440703  0.00126303
          18   -0.445799   -0.440986  0.00122399
          19   -0.440667   -0.440969   0.0011579
          20   -0.430922   -0.440467   0.0012079
          21   -0.437648   -0.440333  0.00115675
          22   -0.444563   -0.440525  0.00111956
          23   -0.454685   -0.441141  0.00123427
          24   -0.434838   -0.440878  0.00121055
          25   -0.437228   -0.440732  0.00117027
          26   -0.435005   -0.440512  0.00114572
          27   -0.444897   -0.440674  0.00111437
          28   -0.432433    -0.44038  0.00111344
          29    -0.44044   -0.440382  0.00107436
          30   -0.446237   -0.440577  0.00105612
          31   -0.413702    -0.43971  0.00133977
          32   -0.446631   -0.439926  0.00131513
          33   -0.445298   -0.440089  0.00128501
          34   -0.458957   -0.440644  0.00136457
          35   -0.437444   -0.440553  0.00132816
          36   -0.439632   -0.440527  0.00129099
          37   -0.442087   -0.440569  0.00125633
          38   -0.444641   -0.440676   0.0012275
          39   -0.440781   -0.440679  0.00119562
          40    -0.45319   -0.440992  0.00120659
          41   -0.434655   -0.440837   0.0011869
          42    -0.43726   -0.440752  0.00116142
          43   -0.448964   -0.440943  0.00115006
          44   -0.433349   -0.440771   0.0011368
          45   -0.434093   -0.440622  0.00112111
          46   -0.439719   -0.440603  0.00109664
          47   -0.433146   -0.440444  0.00108472
          48    -0.44617   -0.440563  0.00106856
          49    -0.44591   -0.440672   0.0010522
          50   -0.437909   -0.440617  0.00103242
          51     -0.4525    -0.44085  0.00103845
          52   -0.447067    -0.44097  0.00102528
          53   -0.440659   -0.440964  0.00100577
          54   -0.427654   -0.440717  0.00101728
          55   -0.449143    -0.44087  0.00101029
          56   -0.433824   -0.440745  0.00100004
          57   -0.452736   -0.440955  0.00100461
          58   -0.450363   -0.441117  0.00100037
          59   -0.437986   -0.441064 0.000984703
          60   -0.452018   -0.441247 0.000985216
          61   -0.432546   -0.441104 0.000979372
          62   -0.440802   -0.441099 0.000963459
          63    -0.44623   -0.441181 0.000951534
          64   -0.429798   -0.441003 0.000953286
          65   -0.442946   -0.441033 0.000938982
          66   -0.455475   -0.441251 0.000950184
          67   -0.448918   -0.441366 0.000942864
          68   -0.442146   -0.441377 0.000928966
          69   -0.456026    -0.44159 0.000939698
          70   -0.451051   -0.441725 0.000935987
          71   -0.439611   -0.441695  0.00092319
          72   -0.439955   -0.441671 0.000910598
          73   -0.451184   -0.441801 0.000907443
          74   -0.449299   -0.441903 0.000900812
          75   -0.444448   -0.441936 0.000889367
          76   -0.432779   -0.441816 0.000885821
          77    -0.45015   -0.441924 0.000880916
          78   -0.445169   -0.441966 0.000870543
          79   -0.435051   -0.441878 0.000863899
          80   -0.434745   -0.441789 0.000857679
          81   -0.425641    -0.44159 0.000870168
          82   -0.435481   -0.441515 0.000862713
          83   -0.449021   -0.441606 0.000857039
          84   -0.446479   -0.441664  0.00084876
          85   -0.446041   -0.441715 0.000840295
          86   -0.434545   -0.441632 0.000834642
          87   -0.429287    -0.44149 0.000837106
          88   -0.447409   -0.441557 0.000830268
          89   -0.443476   -0.441579 0.000821169
          90   -0.444038   -0.441606 0.000812454
          91    -0.42859   -0.441463 0.000816108
          92   -0.446421   -0.441517 0.000808985
          93   -0.435897   -0.441457 0.000802517
          94   -0.444682   -0.441491 0.000794675
          95    -0.45344   -0.441617 0.000796263
          96   -0.454071   -0.441746 0.000798534
          97   -0.449699   -0.441828 0.000794501
          98   -0.446258   -0.441874  0.00078765
          99   -0.447114   -0.441926 0.000781448
         100   -0.446239    -0.44197 0.000774795
         101   -0.443603   -0.441986 0.000767255
         102   -0.437866   -0.441945 0.000760769
         103   -0.423762   -0.441769 0.000773756
         104   -0.442983   -0.441781 0.000766369
         105   -0.432499   -0.441692 0.000764164
         106   -0.443232   -0.441707  0.00075706
         107    -0.44668   -0.441753 0.000751391
         108   -0.440558   -0.441742 0.000744483
         109   -0.430076   -0.441635 0.000745346
         110   -0.428853   -0.441519 0.000747625
         111   -0.433291   -0.441445 0.000744558
         112   -0.440147   -0.441433 0.000737971
         113   -0.449746   -0.441507 0.000735102
         114   -0.448745    -0.44157 0.000731386
         115   -0.453418   -0.441673 0.000732281
         116   -0.438992    -0.44165 0.000726309
         117   -0.431053    -0.44156 0.000725749
         118    -0.43931    -0.44154 0.000719825
         119   -0.444252   -0.441563 0.000714114
         120   -0.442788   -0.441573 0.000708211
         121   -0.449751   -0.441641 0.000705578
         122   -0.435654   -0.441592 0.000701489
         123   -0.429905   -0.441497  0.00070222
         124   -0.423223    -0.44135 0.000711953
         125   -0.444184   -0.441372 0.000706598
         126   -0.437693   -0.441343 0.000701576
         127   -0.444919   -0.441371 0.000696599
         128   -0.443048   -0.441384  0.00069126
         129   -0.450704   -0.441457 0.000689674
         130   -0.436147   -0.441416 0.000685566
         131   -0.450419   -0.441484 0.000683776
         132   -0.437732   -0.441456 0.000679171
         133   -0.448574    -0.44151 0.000676167
         134   -0.442105   -0.441514 0.000671116
         135   -0.425627   -0.441396 0.000676442
         136   -0.444118   -0.441416 0.000671748
         137   -0.440045   -0.441406 0.000666902
         138   -0.443073   -0.441418 0.000662162
         139    -0.44027    -0.44141 0.000657433
         140   -0.424874   -0.441292  0.00066332
         141   -0.447503   -0.441336 0.000660071
         142   -0.449254   -0.441392 0.000657773
         143   -0.438959   -0.441375 0.000653379
         144   -0.444569   -0.441397 0.000649205
         145    -0.44234   -0.441403 0.000644745
         146   -0.434396   -0.441355  0.00064211
         147   -0.459489   -0.441479 0.000649548
         148    -0.44449   -0.441499 0.000645465
         149   -0.438427   -0.441479  0.00064145
         150   -0.438899   -0.441461 0.000637391
         151   -0.452154   -0.441532 0.000637104
         152   -0.441872   -0.441534 0.000632902
         153   -0.432129   -0.441473  0.00063175
         154   -0.433709   -0.441423 0.000629656
         155   -0.445576   -0.441449 0.000626154
         156   -0.447126   -0.441486 0.000623191
         157   -0.436374   -0.441453 0.000620064
         158   -0.442139   -0.441457 0.000616142
         159   -0.446858   -0.441491 0.000613197
         160   -0.447295   -0.441528 0.000610431
         161   -0.434247   -0.441483  0.00060831
         162   -0.450764    -0.44154 0.000607252
         163     -0.4413   -0.441538 0.000603517
         164   -0.438122   -0.441517 0.000600188
         165   -0.457336   -0.441613 0.000604193
         166    -0.43848   -0.441594 0.000600839
         167   -0.446241   -0.441622 0.000597878
         168   -0.449992   -0.441672 0.000596393
         169   -0.440953   -0.441668 0.000592869
         170   -0.439187   -0.441653 0.000589552
         171   -0.440866   -0.441649 0.000586112
         172   -0.435352   -0.441612 0.000583843
         173   -0.444862   -0.441631 0.000580763
         174   -0.433995   -0.441587 0.000579081
         175   -0.444799   -0.441605 0.000576055
         176   -0.459369   -0.441706 0.000581597
         177   -0.417168   -0.441568 0.000594687
         178   -0.440987   -0.441564 0.000591346
         179   -0.460551    -0.44167 0.000597523
         180   -0.440165   -0.441662 0.000594254
         181   -0.448462     -0.4417 0.000592154
         182   -0.448491   -0.441737 0.000590073
         183   -0.447171   -0.441767  0.00058759
         184   -0.431355    -0.44171 0.000587121
         185   -0.435757   -0.441678 0.000584824
         186   -0.444887   -0.441695 0.000581928
         187   -0.446761   -0.441722 0.000579441
         188   -0.449687   -0.441765 0.000577905
         189    -0.43608   -0.441735 0.000575626
         190   -0.438102   -0.441715 0.000572907
         191   -0.438286   -0.441697 0.000570183
         192    -0.45485   -0.441766 0.000571327
         193   -0.446372    -0.44179  0.00056886
         194   -0.438462   -0.441773  0.00056618
         195    -0.44591   -0.441794 0.000563668
         196   -0.453711   -0.441855 0.000564072
         197   -0.439633   -0.441843 0.000561314
         198   -0.458141   -0.441926 0.000564505
         199   -0.432739    -0.44188 0.000563555
         200   -0.430173   -0.441821 0.000563777
         201   -0.441372   -0.441819  0.00056097
         202    -0.45473   -0.441883 0.000561834
         203   -0.435995   -0.441854 0.000559811
         204   -0.443298   -0.441861 0.000557105
         205   -0.436446   -0.441834  0.00055501
         206   -0.444448   -0.441847 0.000552455
         207   -0.444615    -0.44186 0.000549942
         208   -0.438101   -0.441842  0.00054759
         209   -0.420193   -0.441739 0.000554721
         210   -0.450518   -0.441781 0.000553653
         211   -0.437174   -0.441759 0.000551456
         212   -0.443484   -0.441767 0.000548909
         213   -0.436938   -0.441744 0.000546796
         214   -0.441642   -0.441744 0.000544235
         215   -0.447859   -0.441772 0.000542444
         216   -0.444437   -0.441784 0.000540068
         217   -0.442996    -0.44179 0.000537602
         218   -0.438539   -0.441775 0.000535338
         219   -0.448057   -0.441804 0.000533659
         220   -0.440278   -0.441797 0.000531273
         221   -0.445863   -0.441815 0.000529184
         222   -0.440301   -0.441808 0.000526839
         223   -0.449761   -0.441844 0.000525682
         224   -0.451429   -0.441887 0.000525077
         225   -0.446937   -0.441909 0.000523219
         226   -0.419081   -0.441808 0.000530602
         227    -0.43555   -0.441781 0.000528978
         228   -0.446647   -0.441802 0.000527086
         229   -0.446199   -0.441821  0.00052513
         230   -0.449881   -0.441856 0.000524015
         231    -0.43422   -0.441823 0.000522788
         232    -0.43326   -0.441786 0.000521837
         233   -0.424481   -0.441712 0.000524873
         234   -0.434157    -0.44168 0.000523622
         235   -0.445879   -0.441698 0.000521695
         236   -0.442286     -0.4417 0.000519486
         237   -0.430763   -0.441654 0.000519344
         238   -0.441921   -0.441655 0.000517158
         239    -0.43542   -0.441629  0.00051565
         240   -0.444443   -0.441641 0.000513631
         241   -0.446734   -0.441662 0.000511932
         242   -0.436717   -0.441642 0.000510221
         243     -0.4506   -0.441678 0.000509453
         244   -0.436495   -0.441657 0.000507805
         245   -0.450532   -0.441693 0.000507024
         246    -0.44852   -0.441721 0.000505721
         247   -0.431281   -0.441679 0.000505439
         248   -0.435967   -0.441656 0.000503924
         249   -0.437405   -0.441639 0.000502186
         250    -0.44728   -0.441661 0.000500682
         251   -0.438414   -0.441648 0.000498851
         252   -0.451083   -0.441686 0.000498276
         253   -0.442612   -0.441689 0.000496316
         254   -0.457727   -0.441753 0.000498374
         255   -0.450011   -0.441785 0.000497471
         256   -0.450526   -0.441819 0.000496699
         257   -0.448127   -0.441844 0.000495371
         258   -0.440639   -0.441839 0.000493469
         259   -0.431674     -0.4418 0.000493124
         260   -0.461332   -0.441875 0.000496935
         261   -0.445189   -0.441888  0.00049519
         262   -0.450762   -0.441921 0.000494458
         263   -0.443103   -0.441926 0.000492595
         264   -0.444303   -0.441935 0.000490808
         265   -0.446611   -0.441953 0.000489271
         266   -0.448857   -0.441979 0.000488119
         267   -0.444138   -0.441987 0.000486354
         268   -0.428043   -0.441935 0.000487321
         269   -0.443273    -0.44194 0.000485532
         270   -0.436966   -0.441921 0.000484081
         271   -0.443104   -0.441926 0.000482311
         272   -0.449401   -0.441953  0.00048132
         273   -0.446857   -0.441971  0.00047989
         274   -0.442931   -0.441975 0.000478148
         275   -0.458494   -0.442035 0.000480179
         276   -0.444692   -0.442044 0.000478533
         277   -0.451271   -0.442078 0.000477964
         278   -0.439636   -0.442069 0.000476323
         279   -0.433439   -0.442038 0.000475619
         280   -0.437916   -0.442023 0.000474146
         281   -0.442531   -0.442025 0.000472459
         282   -0.436888   -0.442007 0.000471133
         283   -0.435846   -0.441985  0.00046997
         284   -0.438216   -0.441972   0.0004685
         285   -0.444062   -0.441979 0.000466911
         286   -0.455443   -0.442026 0.000467651
         287   -0.434445      -0.442 0.000466767
         288   -0.430829   -0.441961 0.000466758
         289   -0.443353   -0.441966 0.000465165
         290   -0.426063   -0.441911  0.00046679
         291   -0.452122   -0.441946 0.000466505
         292   -0.439906   -0.441939 0.000464957
         293   -0.465077   -0.442018 0.000470049
         294   -0.438529   -0.442006 0.000468597
         295   -0.431034   -0.441969 0.000468485
         296    -0.41761   -0.441887 0.000474096
         297   -0.444695   -0.441896 0.000472592
         298   -0.448236   -0.441917 0.000471484
         299   -0.434015   -0.441891 0.000470647
         300   -0.435628    -0.44187  0.00046954
           1   -0.443036   -0.443036           0
           2   -0.450174   -0.446605  0.00356883
           3   -0.445188   -0.446133  0.00211391
           4   -0.436954   -0.443838   0.0027387
           5   -0.440948    -0.44326   0.0021987
           6   -0.441528   -0.442971   0.0018183
           7   -0.436422   -0.442036  0.00179913
           8   -0.434939   -0.441149  0.00179293
           9   -0.438812   -0.440889  0.00160238
          10   -0.444206   -0.441221  0.00147109
          11   -0.447874   -0.441826  0.00146167
          12     -0.4308   -0.440907  0.00162004
          13   -0.440899   -0.440906  0.00149022
          14   -0.444358   -0.441153  0.00140153
          15   -0.443958    -0.44134  0.00131809
          16   -0.432982   -0.440817  0.00133906
          17    -0.43887   -0.440703  0.00126303
          18   -0.445799   -0.440986  0.00122399
          19   -0.440667   -0.440969   0.0011579
          20   -0.430922   -0.440467   0.0012079
          21   -0.437648   -0.440333  0.00115675
          22   -0.444563   -0.440525  0.00111956
          23   -0.454685   -0.441141  0.00123427
          24   -0.434838   -0.440878  0.00121055
          25   -0.437228   -0.440732  0.00117027
          26   -0.435005   -0.440512  0.00114572
          27   -0.444897   -0.440674  0.00111437
          28   -0.432433    -0.44038  0.00111344
          29    -0.44044   -0.440382  0.00107436
          30   -0.446237   -0.440577  0.00105612
          31   -0.413702    -0.43971  0.00133977
          32   -0.446631   -0.439926  0.00131513
          33   -0.445298   -0.440089  0.00128501
          34   -0.458957   -0.440644  0.00136457
          35   -0.437444   -0.440553  0.00132816
          36   -0.439632   -0.440527  0.00129099
          37   -0.442087   -0.440569  0.00125633
          38   -0.444641   -0.440676   0.0012275
          39   -0.440781   -0.440679  0.00119562
          40    -0.45319   -0.440992  0.00120659
          41   -0.434655   -0.440837   0.0011869
          42    -0.43726   -0.440752  0.00116142
          43   -0.448964   -0.440943  0.00115006
          44   -0.433349   -0.440771   0.0011368
          45   -0.434093   -0.440622  0.00112111
          46   -0.439719   -0.440603  0.00109664
          47   -0.433146   -0.440444  0.00108472
          48    -0.44617   -0.440563  0.00106856
          49    -0.44591   -0.440672   0.0010522
          50   -0.437909   -0.440617  0.00103242
          51     -0.4525    -0.44085  0.00103845
          52   -0.447067    -0.44097  0.00102528
          53   -0.440659   -0.440964  0.00100577
          54   -0.427654   -0.440717  0.00101728
          55   -0.449143    -0.44087  0.00101029
          56   -0.433824   -0.440745  0.00100004
          57   -0.452736   -0.440955  0.00100461
          58   -0.450363   -0.441117  0.00100037
          59   -0.437986   -0.441064 0.000984703
          60   -0.452018   -0.441247 0.000985216
          61   -0.432546   -0.441104 0.000979372
          62   -0.440802   -0.441099 0.000963459
          63    -0.44623   -0.441181 0.000951534
          64   -0.429798   -0.441003 0.000953286
          65   -0.442946   -0.441033 0.000938982
          66   -0.455475   -0.441251 0.000950184
          67   -0.448918   -0.441366 0.000942864
          68   -0.442146   -0.441377 0.000928966
          69   -0.456026    -0.44159 0.000939698
          70   -0.451051   -0.441725 0.000935987
          71   -0.439611   -0.441695  0.00092319
          72   -0.439955   -0.441671 0.000910598
          73   -0.451184   -0.441801 0.000907443
          74   -0.449299   -0.441903 0.000900812
          75   -0.444448   -0.441936 0.000889367
          76   -0.432779   -0.441816 0.000885821
          77    -0.45015   -0.441924 0.000880916
          78   -0.445169   -0.441966 0.000870543
          79   -0.435051   -0.441878 0.000863899
          80   -0.434745   -0.441789 0.000857679
          81   -0.425641    -0.44159 0.000870168
          82   -0.435481   -0.441515 0.000862713
          83   -0.449021   -0.441606 0.000857039
          84   -0.446479   -0.441664  0.00084876
          85   -0.446041   -0.441715 0.000840295
          86   -0.434545   -0.441632 0.000834642
          87   -0.429287    -0.44149 0.000837106
          88   -0.447409   -0.441557 0.000830268
          89   -0.443476   -0.441579 0.000821169
          90   -0.444038   -0.441606 0.000812454
          91    -0.42859   -0.441463 0.000816108
          92   -0.446421   -0.441517 0.000808985
          93   -0.435897   -0.441457 0.000802517
          94   -0.444682   -0.441491 0.000794675
          95    -0.45344   -0.441617 0.000796263
          96   -0.454071   -0.441746 0.000798534
          97   -0.449699   -0.441828 0.000794501
          98   -0.446258   -0.441874  0.00078765
          99   -0.447114   -0.441926 0.000781448
         100   -0.446239    -0.44197 0.000774795
