0 16.5519
1 15.8111
2 14.8458
3 13.9522
4 13.1965
5 12.6151
6 12.0361
7 11.5048
8 10.93
9 10.4472
10 10.0373
11 9.71479
12 9.47038
13 9.1695
14 8.94037
15 8.66528
16 8.42943
17 8.24713
18 8.08528
19 7.87802
20 7.7052
21 7.59307
22 7.40642
23 7.30011
24 7.16611
25 6.97384
26 6.82317
27 6.69887
28 6.56498
29 6.48231
30 6.40222
31 6.29025
32 6.16343
33 6.09319
34 5.99256
35 5.88167
36 5.7761
37 5.7251
38 5.66039
39 5.64977
40 5.65159
41 5.59719
42 5.58215
43 5.5969
44 5.59029
45 5.59086
46 5.62908
47 5.61919
48 5.58558
49 5.5856
50 5.57744
51 5.55201
52 5.51908
53 5.5748
54 5.56245
55 5.63809
56 5.66028
57 5.68471
58 5.66061
59 5.67311
60 5.68636
61 5.72072
62 5.69851
63 5.68509
64 5.67509
65 5.57945
66 5.54893
67 5.51782
68 5.48978
69 5.42343
70 5.41744
71 5.39151
72 5.38942
73 5.34218
74 5.35051
75 5.36665
76 5.34628
77 5.30519
78 5.32654
79 5.32842
80 5.28856
81 5.27938
82 5.24904
83 5.30129
84 5.29777
85 5.32938
86 5.32013
87 5.27484
88 5.30653
89 5.28527
90 5.28734
91 5.30071
92 5.32076
93 5.31957
94 5.2957
95 5.3563
96 5.27397
97 5.29919
98 5.3171
99 5.32966
100 5.31632
101 5.32479
102 5.30757
103 5.31823
104 5.28057
105 5.31137
106 5.32166
107 5.31145
108 5.30174
109 5.30762
110 5.2717
111 5.28201
112 5.29798
113 5.2915
114 5.2799
115 5.25468
116 5.27393
117 5.27067
118 5.29952
119 5.30926
120 5.32229
121 5.31126
122 5.32353
123 5.30636
124 5.31863
125 5.32356
126 5.35395
127 5.31257
128 5.26824
129 5.22268
130 5.25136
131 5.31482
132 5.32749
133 5.3369
134 5.33546
135 5.27245
136 5.2877
137 5.33622
138 5.29808
139 5.32804
140 5.28236
141 5.31874
142 5.30991
143 5.29333
144 5.34498
145 5.32494
146 5.31737
147 5.30262
148 5.31753
149 5.32251
150 5.25121
151 5.2585
152 5.25922
153 5.27251
154 5.29133
155 5.30813
156 5.30352
157 5.30895
158 5.31015
159 5.28462
160 5.30016
161 5.2826
162 5.29476
163 5.30501
164 5.30818
165 5.30746
166 5.31917
167 5.32274
168 5.35793
169 5.33577
170 5.32995
171 5.29063
172 5.27467
173 5.26389
174 5.28948
175 5.28552
176 5.28458
177 5.31096
178 5.35208
179 5.32869
180 5.33434
181 5.33549
182 5.34511
183 5.29547
184 5.30413
185 5.29942
186 5.28313
187 5.23862
188 5.3225
189 5.32956
190 5.39326
191 5.32666
192 5.31895
193 5.28922
194 5.29766
195 5.32119
196 5.3007
197 5.33028
198 5.30257
199 5.33781
200 5.27041
201 5.24377
202 5.23432
203 5.26813
204 5.27393
205 5.26713
206 5.28447
207 5.27374
208 5.24362
209 5.27387
210 5.29337
211 5.30079
212 5.30982
213 5.32235
214 5.34126
215 5.34302
216 5.34869
217 5.33517
218 5.30982
219 5.29396
220 5.30639
221 5.30379
222 5.33211
223 5.27004
224 5.2673
225 5.29601
226 5.33642
227 5.37816
228 5.3617
229 5.37577
230 5.37661
231 5.37457
232 5.33368
233 5.2992
234 5.26978
235 5.24762
236 5.23939
237 5.24835
238 5.2545
239 5.24112
240 5.27712
241 5.29726
242 5.28071
243 5.27963
244 5.27599
245 5.34484
246 5.3069
247 5.34058
248 5.3096
249 5.29083
250 5.29155
251 5.28003
252 5.33995
253 5.32888
254 5.35818
255 5.30872
256 5.34702
257 5.38232
258 5.34075
259 5.30982
260 5.31841
261 5.29802
262 5.27386
263 5.28952
264 5.30452
265 5.29517
266 5.24616
267 5.26925
268 5.36501
269 5.40567
270 5.40473
271 5.40661
272 5.35432
273 5.36164
274 5.34228
275 5.36648
276 5.36498
277 5.3728
278 5.31803
279 5.33733
280 5.29321
281 5.32403
282 5.28892
283 5.27278
284 5.27204
285 5.25698
286 5.30675
287 5.33278
288 5.3159
289 5.32273
290 5.32165
291 5.3365
292 5.30921
293 5.34152
294 5.35478
295 5.35138
296 5.33301
297 5.29985
298 5.299
299 5.35206
300 5.36845
301 5.36598
302 5.38173
303 5.39059
304 5.36557
305 5.34858
306 5.3432
307 5.36413
308 5.35176
309 5.35063
310 5.35348
311 5.32801
312 5.33853
313 5.36073
314 5.31334
315 5.27612
316 5.27268
317 5.26536
318 5.26637
319 5.31635
320 5.3067
321 5.30662
322 5.31469
323 5.34082
324 5.39378
325 5.3734
326 5.31954
327 5.32311
328 5.29821
329 5.28804
330 5.31042
331 5.29615
332 5.28782
333 5.35921
334 5.32345
335 5.30642
336 5.32164
337 5.30588
338 5.31059
339 5.28735
340 5.31321
341 5.29673
342 5.2782
343 5.30772
344 5.3019
345 5.34048
346 5.35279
347 5.31392
348 5.35678
349 5.30531
350 5.29397
351 5.29397
352 5.31393
353 5.33245
354 5.32351
355 5.27838
356 5.29509
357 5.32322
358 5.34811
359 5.32999
360 5.31382
361 5.26795
362 5.24892
363 5.26798
364 5.2688
365 5.31085
366 5.29544
367 5.31438
368 5.33382
369 5.27828
370 5.24311
371 5.27845
372 5.34534
373 5.30493
374 5.27926
375 5.27124
376 5.28394
377 5.24589
378 5.2822
379 5.26568
380 5.29939
381 5.28189
382 5.29776
383 5.29537
384 5.31202
385 5.34496
386 5.33332
387 5.31603
388 5.31932
389 5.3523
390 5.35446
391 5.37467
392 5.3682
393 5.36584
394 5.33557
395 5.31964
396 5.31987
397 5.3187
398 5.32389
399 5.28961
400 5.29536
401 5.29966
402 5.25019
403 5.29423
404 5.3116
405 5.33828
406 5.33647
407 5.3249
408 5.32421
409 5.28795
410 5.32309
411 5.37866
412 5.36639
413 5.33437
414 5.31395
415 5.28507
416 5.28535
417 5.2996
418 5.29394
419 5.31694
420 5.27013
421 5.29018
422 5.28132
423 5.3199
424 5.32332
425 5.31912
426 5.2912
427 5.33052
428 5.3073
429 5.29437
430 5.27366
431 5.2792
432 5.29
433 5.28835
434 5.26971
435 5.2837
436 5.32429
437 5.29166
438 5.31693
439 5.30208
440 5.251
441 5.27369
442 5.30689
443 5.29636
444 5.29776
445 5.30293
446 5.32465
447 5.32902
448 5.29118
449 5.3264
450 5.28653
451 5.2601
452 5.28869
453 5.23574
454 5.25814
455 5.33434
456 5.2782
457 5.27493
458 5.30477
459 5.28443
460 5.27692
461 5.32208
462 5.31724
463 5.29703
464 5.29944
465 5.27682
466 5.26322
467 5.3264
468 5.32249
469 5.28423
470 5.29124
471 5.32319
472 5.35153
473 5.29739
474 5.34199
475 5.27342
476 5.29444
477 5.25599
478 5.27273
479 5.27546
480 5.26748
481 5.31864
482 5.37247
483 5.32455
484 5.35276
485 5.31129
486 5.31066
487 5.29514
488 5.26889
489 5.28872
490 5.33993
491 5.32685
492 5.31594
493 5.32403
494 5.2714
495 5.27548
496 5.31861
497 5.33744
498 5.31006
499 5.3431
500 5.31346
501 5.33134
502 5.31291
503 5.35557
504 5.32651
505 5.35455
506 5.27116
507 5.34557
508 5.33942
509 5.33185
510 5.31004
511 5.31401
512 5.28515
513 5.31841
514 5.31162
515 5.30522
516 5.32006
517 5.28141
518 5.32697
519 5.32461
520 5.29982
521 5.31238
522 5.33065
523 5.34738
524 5.27476
525 5.28948
526 5.28702
527 5.32045
528 5.32938
529 5.32593
530 5.32847
531 5.32478
532 5.26407
533 5.2758
534 5.30383
535 5.29947
536 5.2647
537 5.26423
538 5.31857
539 5.27997
540 5.29894
541 5.30492
542 5.31863
543 5.3357
544 5.2969
545 5.27791
546 5.2871
547 5.33284
548 5.30938
549 5.33864
550 5.31862
551 5.34887
552 5.29377
553 5.32183
554 5.32575
555 5.33781
556 5.26924
557 5.28255
558 5.30849
559 5.29674
560 5.25121
561 5.25512
562 5.24287
563 5.25119
564 5.2659
565 5.28875
566 5.32422
567 5.26564
568 5.30541
569 5.32985
570 5.34379
571 5.34159
572 5.27478
573 5.28657
574 5.31471
575 5.32698
576 5.28188
577 5.30736
578 5.31096
579 5.32987
580 5.35118
581 5.403
582 5.38812
583 5.34495
584 5.36559
585 5.32433
586 5.31143
587 5.30284
588 5.33649
589 5.31267
590 5.27445
591 5.29937
592 5.31141
593 5.33667
594 5.33682
595 5.315
596 5.28676
597 5.34116
598 5.33393
599 5.3229
600 5.34114
601 5.32669
602 5.25926
603 5.26599
604 5.26605
605 5.29924
606 5.30933
607 5.26622
608 5.26625
609 5.29734
610 5.29774
611 5.27051
612 5.26367
613 5.26018
614 5.30184
615 5.29384
616 5.31576
617 5.33292
618 5.34573
619 5.36144
620 5.33858
621 5.32071
622 5.33312
623 5.31216
624 5.29808
625 5.31008
626 5.29564
627 5.28359
628 5.28668
629 5.28583
630 5.32376
631 5.3253
632 5.30512
633 5.31431
634 5.26861
635 5.32418
636 5.31413
637 5.31704
638 5.31356
639 5.31344
640 5.30903
641 5.31582
642 5.30726
643 5.26575
644 5.28056
645 5.24805
646 5.28157
647 5.25995
648 5.27857
649 5.26403
650 5.28615
651 5.25426
652 5.27632
653 5.2806
654 5.25196
655 5.25298
656 5.28707
657 5.30515
658 5.28927
659 5.24334
660 5.23965
661 5.21709
662 5.25932
663 5.26276
664 5.30745
665 5.34201
666 5.30735
667 5.3209
668 5.36728
669 5.39731
670 5.361
671 5.353
672 5.33044
673 5.27863
674 5.2878
675 5.26272
676 5.29796
677 5.27009
678 5.29776
679 5.32665
680 5.32914
681 5.32997
682 5.30389
683 5.37752
684 5.34445
685 5.32759
686 5.33442
687 5.30681
688 5.32272
689 5.30964
690 5.32168
691 5.29681
692 5.29479
693 5.33726
694 5.33156
695 5.33718
696 5.31889
697 5.35274
698 5.35956
699 5.31112
700 5.29629
701 5.31187
702 5.384
703 5.38791
704 5.36333
705 5.34812
706 5.32164
707 5.29967
708 5.33531
709 5.32812
710 5.32607
711 5.35022
712 5.34366
713 5.34119
714 5.35704
715 5.33821
716 5.3621
717 5.32206
718 5.32676
719 5.34614
720 5.35672
721 5.32594
722 5.30864
723 5.32711
724 5.28244
725 5.28042
726 5.23785
727 5.28655
728 5.30752
729 5.31683
730 5.32568
731 5.29928
732 5.29639
733 5.30902
734 5.306
735 5.28719
736 5.30423
737 5.27456
738 5.3235
739 5.29076
740 5.34441
741 5.33703
742 5.3555
743 5.37032
744 5.37709
745 5.36947
746 5.37964
747 5.35005
748 5.32843
749 5.39259
750 5.35336
751 5.32856
752 5.33071
753 5.34186
754 5.30494
755 5.29316
756 5.28987
757 5.35163
758 5.3216
759 5.28423
760 5.30965
761 5.33101
762 5.29739
763 5.30072
764 5.30543
765 5.35052
766 5.34892
767 5.36128
768 5.3275
769 5.33309
770 5.3035
771 5.32323
772 5.34643
773 5.35995
774 5.37631
775 5.37678
776 5.36354
777 5.34775
778 5.31705
779 5.34215
780 5.33095
781 5.37644
782 5.37655
783 5.36396
784 5.3224
785 5.31809
786 5.36034
787 5.35418
788 5.35031
789 5.28383
790 5.2946
791 5.27094
792 5.30872
793 5.31061
794 5.27406
795 5.25799
796 5.27385
797 5.27986
798 5.34176
799 5.33312
800 5.34377
801 5.38533
802 5.33268
803 5.32732
804 5.27804
805 5.28296
806 5.2927
807 5.32617
808 5.29878
809 5.32896
810 5.32546
811 5.33277
812 5.32051
813 5.28493
814 5.28264
815 5.2965
816 5.29198
817 5.26264
818 5.25842
819 5.28887
820 5.29736
821 5.26351
822 5.29361
823 5.26132
824 5.33475
825 5.34439
826 5.35519
827 5.35967
828 5.35757
829 5.40224
830 5.3995
831 5.31944
832 5.32815
833 5.34411
834 5.34618
835 5.40013
836 5.38252
837 5.39053
838 5.35486
839 5.32616
840 5.29602
841 5.30025
842 5.33571
843 5.31794
844 5.32563
845 5.35736
846 5.30031
847 5.28199
848 5.28999
849 5.31037
850 5.28989
851 5.31447
852 5.31797
853 5.28343
854 5.26327
855 5.29186
856 5.28419
857 5.29041
858 5.24789
859 5.26065
860 5.26987
861 5.28617
862 5.29991
863 5.25546
864 5.2819
865 5.29599
866 5.27817
867 5.28778
868 5.31374
869 5.31192
870 5.32109
871 5.32821
872 5.33723
873 5.29963
874 5.28443
875 5.28471
876 5.29132
877 5.31736
878 5.28412
879 5.25013
880 5.26161
881 5.36337
882 5.33509
883 5.32111
884 5.39598
885 5.34703
886 5.31953
887 5.35718
888 5.29248
889 5.26363
890 5.26973
891 5.25773
892 5.31851
893 5.31194
894 5.33728
895 5.31974
896 5.29032
897 5.30742
898 5.2887
899 5.30752
900 5.33829
901 5.29286
902 5.31198
903 5.30431
904 5.3255
905 5.33659
906 5.3177
907 5.35203
908 5.33081
909 5.32195
910 5.33673
911 5.33567
912 5.35333
913 5.33353
914 5.35815
915 5.4013
916 5.37079
917 5.4021
918 5.34293
919 5.31633
920 5.33071
921 5.31799
922 5.32354
923 5.30629
924 5.27866
925 5.26028
926 5.32655
927 5.34707
928 5.32677
929 5.28032
930 5.31862
931 5.30252
932 5.28249
933 5.28592
934 5.27012
935 5.28509
936 5.26995
937 5.29297
938 5.31244
939 5.32564
940 5.32108
941 5.31048
942 5.29117
943 5.31479
944 5.30539
945 5.33169
946 5.28285
947 5.27991
948 5.30938
949 5.2438
950 5.28786
951 5.21698
952 5.26086
953 5.31003
954 5.25734
955 5.28383
956 5.30355
957 5.32012
958 5.30681
959 5.27763
960 5.33604
961 5.35429
962 5.31231
963 5.32272
964 5.32187
965 5.33592
966 5.34669
967 5.33993
968 5.3407
969 5.35777
970 5.33097
971 5.37456
972 5.37811
973 5.36768
974 5.36587
975 5.30146
976 5.33178
977 5.30818
978 5.29548
979 5.33737
980 5.37713
981 5.329
982 5.26561
983 5.25606
984 5.2586
985 5.30675
986 5.27832
987 5.23523
988 5.303
989 5.31326
990 5.32224
991 5.28119
992 5.34206
993 5.34473
994 5.40537
995 5.38197
996 5.40705
997 5.36819
998 5.34406
999 5.33003
1000 5.34444
0 16.5519
1 15.7304
2 14.9341
3 14.2109
4 13.337
5 12.4883
6 11.6923
7 11.0177
8 10.4129
9 10.0644
10 9.66277
11 9.27046
12 9.02458
13 8.88318
14 8.72694
15 8.61501
16 8.43903
17 8.17736
18 7.97295
19 7.73185
20 7.55154
21 7.40531
22 7.30485
23 7.17582
24 7.10192
25 6.96196
26 6.92682
27 6.90438
28 6.85426
29 6.81127
30 6.75758
31 6.73059
32 6.63121
33 6.5382
34 6.4577
35 6.41971
36 6.38044
37 6.29558
38 6.24921
39 6.15918
40 6.12956
41 6.05508
42 6.07113
43 6.05892
44 6.06196
45 6.04087
46 5.99689
47 5.94314
48 5.85328
49 5.81605
50 5.7674
51 5.66981
52 5.58729
53 5.59542
54 5.58306
55 5.61838
56 5.56483
57 5.53046
58 5.48907
59 5.38098
60 5.35933
61 5.31113
62 5.28797
63 5.31524
64 5.30333
65 5.2686
66 5.28459
67 5.21011
68 5.18531
69 5.11435
70 5.1099
71 5.10256
72 5.09744
73 5.12019
74 5.13064
75 5.18428
76 5.16919
77 5.12665
78 5.14268
79 5.18028
80 5.16628
81 5.13759
82 5.16934
83 5.12793
84 5.13474
85 5.108
86 5.09577
87 5.13561
88 5.16548
89 5.17861
90 5.28018
91 5.3785
92 5.41656
93 5.45243
94 5.40676
95 5.37046
96 5.27537
97 5.27398
98 5.26747
99 5.22079
100 5.19154
101 5.15708
102 5.11084
103 5.10868
104 5.11826
105 5.14099
106 5.15771
107 5.0956
108 5.12323
109 5.11489
110 5.10729
111 5.1191
112 5.11395
113 5.15798
114 5.16635
115 5.1671
116 5.14707
117 5.11309
118 5.11111
119 5.11971
120 5.1395
121 5.11826
122 5.07879
123 5.05414
124 5.05199
125 5.05314
126 5.06063
127 5.08597
128 5.08253
129 5.11063
130 5.12548
131 5.1291
132 5.15882
133 5.10062
134 5.09523
135 5.14232
136 5.11298
137 5.08669
138 5.13564
139 5.09083
140 5.0936
141 5.15689
142 5.1389
143 5.13409
144 5.1629
145 5.14061
146 5.12516
147 5.13091
148 5.09479
149 5.11586
150 5.12923
151 5.10872
152 5.06323
153 5.09886
154 5.09766
155 5.13144
156 5.1718
157 5.15003
158 5.13785
159 5.162
160 5.14843
161 5.16832
162 5.1681
163 5.13717
164 5.13549
165 5.11605
166 5.13242
167 5.11117
168 5.16192
169 5.17461
170 5.18559
171 5.12775
172 5.1658
173 5.13006
174 5.12993
175 5.14602
176 5.14152
177 5.1083
178 5.11723
179 5.12129
180 5.11872
181 5.16892
182 5.14466
183 5.15144
184 5.15599
185 5.15466
186 5.14932
187 5.17247
188 5.16854
189 5.1595
190 5.09526
191 5.14124
192 5.19526
193 5.1667
194 5.1462
195 5.15643
196 5.11591
197 5.15324
198 5.19146
199 5.18239
200 5.20794
201 5.21399
202 5.20542
203 5.167
204 5.16526
205 5.19204
206 5.15941
207 5.12207
208 5.11047
209 5.1583
210 5.14728
211 5.08369
212 5.13837
213 5.13553
214 5.14961
215 5.10743
216 5.11718
217 5.13202
218 5.10483
219 5.096
220 5.10755
221 5.08939
222 5.16141
223 5.14317
224 5.16916
225 5.14302
226 5.10394
227 5.14516
228 5.15171
229 5.18984
230 5.17167
231 5.14954
232 5.16125
233 5.14545
234 5.15428
235 5.13624
236 5.17126
237 5.12193
238 5.11577
239 5.12497
240 5.15794
241 5.12764
242 5.13273
243 5.14207
244 5.13601
245 5.12936
246 5.13176
247 5.16002
248 5.11204
249 5.10362
250 5.11289
251 5.13092
252 5.17246
253 5.15002
254 5.14328
255 5.14327
256 5.14549
257 5.17738
258 5.11986
259 5.15803
260 5.14516
261 5.15501
262 5.1471
263 5.10155
264 5.09809
265 5.07955
266 5.09569
267 5.08834
268 5.11759
269 5.10638
270 5.12721
271 5.14992
272 5.06805
273 5.08697
274 5.10022
275 5.09969
276 5.09274
277 5.16432
278 5.17268
279 5.12222
280 5.09294
281 5.10944
282 5.13357
283 5.08885
284 5.0875
285 5.08176
286 5.11635
287 5.16466
288 5.15593
289 5.13885
290 5.11911
291 5.12514
292 5.12173
293 5.14504
294 5.16027
295 5.1585
296 5.16823
297 5.17333
298 5.15734
299 5.15668
300 5.14316
301 5.14188
302 5.13963
303 5.14227
304 5.10712
305 5.07885
306 5.08619
307 5.14554
308 5.17491
309 5.15881
310 5.13722
311 5.14493
312 5.12273
313 5.09269
314 5.08353
315 5.11725
316 5.1641
317 5.17381
318 5.19851
319 5.20057
320 5.21826
321 5.15949
322 5.20064
323 5.20274
324 5.11686
325 5.1059
326 5.13656
327 5.15571
328 5.14153
329 5.16737
330 5.14759
331 5.13701
332 5.09546
333 5.13466
334 5.1421
335 5.13834
336 5.16039
337 5.15498
338 5.1202
339 5.12767
340 5.14282
341 5.12905
342 5.08858
343 5.11854
344 5.13598
345 5.14381
346 5.11757
347 5.11266
348 5.10424
349 5.06485
350 5.09352
351 5.08435
352 5.09993
353 5.10446
354 5.13764
355 5.17589
356 5.14954
357 5.11407
358 5.09239
359 5.06971
360 5.07107
361 5.10546
362 5.11178
363 5.16294
364 5.12279
365 5.12224
366 5.16915
367 5.15154
368 5.13476
369 5.16159
370 5.10772
371 5.10962
372 5.10583
373 5.08594
374 5.08812
375 5.12274
376 5.15295
377 5.16621
378 5.16431
379 5.12697
380 5.15068
381 5.16872
382 5.17394
383 5.17014
384 5.17911
385 5.12534
386 5.14509
387 5.14561
388 5.1604
389 5.159
390 5.11081
391 5.12056
392 5.12864
393 5.14016
394 5.14049
395 5.16166
396 5.17738
397 5.16221
398 5.11547
399 5.13901
400 5.14686
401 5.16906
402 5.15493
403 5.16186
404 5.14467
405 5.16463
406 5.15924
407 5.0903
408 5.14286
409 5.12909
410 5.16844
411 5.12953
412 5.07944
413 5.08622
414 5.08338
415 5.08546
416 5.11392
417 5.1553
418 5.18308
419 5.18603
420 5.16385
421 5.1598
422 5.11426
423 5.13626
424 5.12683
425 5.07548
426 5.08347
427 5.13796
428 5.14903
429 5.1364
430 5.10045
431 5.04362
432 5.08815
433 5.126
434 5.12475
435 5.14512
436 5.11736
437 5.13348
438 5.14007
439 5.13743
440 5.09743
441 5.10005
442 5.09
443 5.12218
444 5.14061
445 5.12558
446 5.13194
447 5.11025
448 5.1139
449 5.11615
450 5.15939
451 5.16914
452 5.15221
453 5.13581
454 5.11122
455 5.15503
456 5.15617
457 5.18673
458 5.15909
459 5.17716
460 5.17457
461 5.14399
462 5.10991
463 5.10218
464 5.08889
465 5.11131
466 5.09218
467 5.07435
468 5.09226
469 5.10633
470 5.11335
471 5.11386
472 5.12618
473 5.15631
474 5.15641
475 5.18295
476 5.19349
477 5.16994
478 5.15335
479 5.13345
480 5.09298
481 5.11302
482 5.1116
483 5.14374
484 5.1094
485 5.17451
486 5.13448
487 5.16928
488 5.15007
489 5.09953
490 5.12705
491 5.152
492 5.13323
493 5.15003
494 5.15583
495 5.15666
496 5.11948
497 5.12531
498 5.16392
499 5.17544
500 5.18657
501 5.17602
502 5.21392
503 5.19379
504 5.19813
505 5.14612
506 5.14235
507 5.0815
508 5.16168
509 5.13154
510 5.10311
511 5.11738
512 5.1124
513 5.14679
514 5.12413
515 5.14277
516 5.10113
517 5.06985
518 5.11315
519 5.10063
520 5.12209
521 5.17612
522 5.17192
523 5.11958
524 5.15198
525 5.10634
526 5.10477
527 5.08071
528 5.0838
529 5.11939
530 5.14026
531 5.14903
532 5.19669
533 5.16269
534 5.15874
535 5.1451
536 5.15932
537 5.12768
538 5.13761
539 5.14168
540 5.19179
541 5.13863
542 5.12513
543 5.14369
544 5.13494
545 5.13911
546 5.14992
547 5.14618
548 5.10942
549 5.11388
550 5.08934
551 5.15394
552 5.15598
553 5.13212
554 5.14478
555 5.14033
556 5.19435
557 5.13764
558 5.13253
559 5.13483
560 5.08554
561 5.08508
562 5.08347
563 5.114
564 5.1321
565 5.1472
566 5.125
567 5.13468
568 5.1554
569 5.15688
570 5.10584
571 5.14545
572 5.17526
573 5.1232
574 5.11626
575 5.11208
576 5.13058
577 5.128
578 5.17472
579 5.19109
580 5.18357
581 5.19259
582 5.17187
583 5.13028
584 5.09981
585 5.12676
586 5.12995
587 5.12994
588 5.11406
589 5.14164
590 5.1935
591 5.16449
592 5.16924
593 5.14725
594 5.18809
595 5.16694
596 5.14134
597 5.12474
598 5.13575
599 5.1183
600 5.08368
601 5.07417
602 5.09753
603 5.10752
604 5.09882
605 5.14558
606 5.15496
607 5.13787
608 5.13771
609 5.07847
610 5.12292
611 5.09647
612 5.11536
613 5.10779
614 5.15325
615 5.16738
616 5.12317
617 5.14878
618 5.14793
619 5.12737
620 5.1411
621 5.12806
622 5.15786
623 5.16506
624 5.14181
625 5.13241
626 5.13257
627 5.16339
628 5.15261
629 5.11571
630 5.15267
631 5.16875
632 5.16666
633 5.1479
634 5.11236
635 5.12514
636 5.14917
637 5.15509
638 5.14576
639 5.17568
640 5.15015
641 5.09044
642 5.10071
643 5.10949
644 5.1192
645 5.16096
646 5.155
647 5.13801
648 5.11575
649 5.12544
650 5.17166
651 5.17626
652 5.15201
653 5.13686
654 5.11676
655 5.0842
656 5.13937
657 5.10425
658 5.09426
659 5.08035
660 5.07807
661 5.10578
662 5.10475
663 5.16918
664 5.1639
665 5.15941
666 5.09312
667 5.18494
668 5.17229
669 5.11796
670 5.13506
671 5.14448
672 5.13955
673 5.15138
674 5.116
675 5.16254
676 5.11061
677 5.0809
678 5.089
679 5.10735
680 5.14468
681 5.18438
682 5.13894
683 5.1715
684 5.19938
685 5.15525
686 5.09923
687 5.13288
688 5.09316
689 5.09129
690 5.10564
691 5.07144
692 5.08963
693 5.08384
694 5.09123
695 5.12087
696 5.1059
697 5.10589
698 5.08888
699 5.08388
700 5.08775
701 5.05929
702 5.09073
703 5.15645
704 5.15911
705 5.15856
706 5.14153
707 5.14831
708 5.13372
709 5.11074
710 5.13074
711 5.14734
712 5.12244
713 5.09082
714 5.07982
715 5.07229
716 5.08222
717 5.07944
718 5.11855
719 5.13939
720 5.15349
721 5.11506
722 5.17622
723 5.13712
724 5.13128
725 5.18284
726 5.13304
727 5.10185
728 5.15649
729 5.17053
730 5.16663
731 5.13085
732 5.1374
733 5.1006
734 5.12159
735 5.13473
736 5.14166
737 5.15576
738 5.15515
739 5.16687
740 5.14936
741 5.13248
742 5.10887
743 5.07395
744 5.12255
745 5.15268
746 5.18211
747 5.15468
748 5.15348
749 5.16257
750 5.1189
751 5.121
752 5.12305
753 5.13239
754 5.13822
755 5.10954
756 5.10886
757 5.12029
758 5.13244
759 5.10604
760 5.09377
761 5.12607
762 5.17646
763 5.111
764 5.11833
765 5.13345
766 5.12815
767 5.08434
768 5.12834
769 5.10613
770 5.10848
771 5.1118
772 5.09202
773 5.10697
774 5.10008
775 5.08466
776 5.15457
777 5.13985
778 5.16796
779 5.13719
780 5.15213
781 5.11998
782 5.1308
783 5.11165
784 5.09105
785 5.09815
786 5.08121
787 5.07669
788 5.09429
789 5.12159
790 5.10719
791 5.09069
792 5.09563
793 5.12702
794 5.0666
795 5.09455
796 5.10132
797 5.10992
798 5.10808
799 5.10844
800 5.08264
801 5.10361
802 5.12288
803 5.11997
804 5.13351
805 5.15414
806 5.0986
807 5.08495
808 5.12918
809 5.13864
810 5.17672
811 5.18094
812 5.13914
813 5.17785
814 5.1605
815 5.13957
816 5.15036
817 5.1203
818 5.09175
819 5.07915
820 5.1273
821 5.14914
822 5.12532
823 5.09251
824 5.13066
825 5.17561
826 5.15214
827 5.17681
828 5.13792
829 5.14807
830 5.13719
831 5.19495
832 5.11499
833 5.14932
834 5.16892
835 5.17748
836 5.1585
837 5.15874
838 5.14832
839 5.14217
840 5.13125
841 5.12596
842 5.09902
843 5.16501
844 5.19428
845 5.17234
846 5.12987
847 5.16308
848 5.17081
849 5.13439
850 5.12257
851 5.10124
852 5.02381
853 5.08684
854 5.08746
855 5.07393
856 5.11844
857 5.13582
858 5.15286
859 5.15033
860 5.14757
861 5.11411
862 5.12571
863 5.15094
864 5.14946
865 5.17536
866 5.14363
867 5.12485
868 5.08503
869 5.12529
870 5.16499
871 5.12894
872 5.1447
873 5.15513
874 5.11088
875 5.07771
876 5.11173
877 5.11712
878 5.1728
879 5.16395
880 5.19561
881 5.19225
882 5.19621
883 5.16464
884 5.13197
885 5.18661
886 5.15706
887 5.12423
888 5.12502
889 5.11138
890 5.11653
891 5.09591
892 5.10294
893 5.13366
894 5.18952
895 5.22294
896 5.18418
897 5.09168
898 5.07259
899 5.13425
900 5.13178
901 5.14907
902 5.09297
903 5.10162
904 5.17665
905 5.15137
906 5.13361
907 5.1444
908 5.12689
909 5.09563
910 5.15151
911 5.15831
912 5.13995
913 5.15147
914 5.1588
915 5.13111
916 5.11364
917 5.13011
918 5.11443
919 5.08208
920 5.1317
921 5.1097
922 5.09111
923 5.16539
924 5.15818
925 5.1582
926 5.16232
927 5.20311
928 5.15651
929 5.1221
930 5.11066
931 5.12998
932 5.13934
933 5.18776
934 5.22013
935 5.17911
936 5.14727
937 5.08766
938 5.12078
939 5.15054
940 5.11708
941 5.12808
942 5.1219
943 5.09231
944 5.11967
945 5.08714
946 5.13013
947 5.13128
948 5.07217
949 5.08611
950 5.1332
951 5.10832
952 5.09255
953 5.14453
954 5.1897
955 5.22516
956 5.20201
957 5.16489
958 5.12954
959 5.11456
960 5.09402
961 5.12519
962 5.11274
963 5.13884
964 5.12348
965 5.13839
966 5.17616
967 5.17105
968 5.16189
969 5.11441
970 5.08571
971 5.12005
972 5.10129
973 5.14108
974 5.15577
975 5.19279
976 5.12386
977 5.10306
978 5.11925
979 5.15544
980 5.19373
981 5.13615
982 5.12953
983 5.13252
984 5.12341
985 5.09391
986 5.11553
987 5.12001
988 5.06919
989 5.11992
990 5.09376
991 5.10551
992 5.14125
993 5.14183
994 5.09636
995 5.08203
996 5.07556
997 5.08196
998 5.11402
999 5.0996
1000 5.0841
