-0.165532   -0.474636   0.467431
-0.107186   -0.156953   0.0183458
0.326357   0.0129016   0.0372262
0.404921   0.0489368   -0.256841
-0.245436   -0.455503   -0.150618
-0.330276   -0.448515   -0.311395
0.419325   -0.455077   0.210699
-0.149084   -0.471423   0.125746
-0.294684   0.218296   0.318914
-0.00945825   0.43204   -0.0699921
0.221074   0.0611447   -0.252614
0.188476   -0.422426   -0.269083
0.120045   -0.304443   -0.492255
0.0289901   -0.0584173   0.310341
0.284171   0.297792   0.374512
-0.291718   -0.135366   0.174273
0.237954   0.242424   0.319969
0.388571   0.314558   -0.0564724
0.0580351   0.171391   -0.28715
0.217644   -0.166731   0.104234
-0.160614   0.21662   0.0588004
-0.0924742   -0.340111   -0.379854
0.0348935   0.0896006   -0.249055
0.302645   -0.371529   -0.328151
-0.386876   0.155852   -0.108099
-0.368439   0.0221031   -0.436488
0.218843   0.370158   0.284546
-0.0201043   -0.386939   -0.308413
-0.0144025   -0.168427   0.250632
-0.15985   -0.475919   -0.352095
-0.131302   0.452806   -0.440283
-0.489105   -0.19895   0.0789908
-0.412917   0.10855   -0.370966
0.329008   -0.354605   0.476541
-0.197039   -0.155442   -0.454058
-0.087129   0.207944   -0.437643
-0.18952   -0.234449   -0.115224
0.335632   -0.445762   -0.332508
-0.171585   0.0060625   0.132353
0.361507   0.167224   0.327119
-0.348382   0.436001   0.0729366
0.100977   -0.413825   0.153074
0.309421   0.454068   0.335394
-0.0393575   0.115756   -0.243855
0.290306   0.486006   -0.140845
0.329591   0.166884   -0.135282
0.222421   -0.264656   0.483663
0.140717   -0.269921   0.175512
0.100022   0.404981   0.204641
0.159143   0.0495459   -0.0281499
-0.352879   0.0794003   -0.0810747
0.171894   -0.207184   0.447549
0.214572   0.427333   -0.438213
0.251704   -0.0058074   -0.277119
0.199206   -0.285325   -0.402666
-0.425082   0.314704   -0.00799619
0.371673   -0.327282   0.146138
0.178632   -0.39161   -0.357718
-0.333153   -0.00602711   -0.19222
0.183597   0.0650462   0.323309
-0.351943   0.231805   -0.000246284
0.319171   0.227816   -0.183906
0.364664   0.266937   -0.114381
0.190607   0.131391   0.237597
0.240578   0.332239   0.457049
-0.0695965   0.489565   0.413177
0.453978   0.0470431   0.194055
0.0553469   0.14494   0.26948
0.0263657   -0.0093513   -0.2626
-0.411318   -0.101531   0.248059
-0.463378   -0.0462142   0.233961
-0.141028   0.457332   -0.239145
-0.0706821   -0.457169   0.0820862
-0.077862   -0.102609   0.0842685
-0.379801   -0.109045   -0.188282
-0.20278   -0.0500386   0.279262
-0.197458   -0.146338   0.0739494
-0.395026   -0.0759362   0.0851255
-0.355255   -0.253188   -0.0519906
0.171677   0.493677   0.281399
0.306978   0.334796   0.286399
-0.359495   -0.123343   0.419852
0.480384   -0.303681   0.408531
-0.264985   -0.293589   0.360903
0.166647   0.496868   0.473838
-0.230145   0.304002   0.332632
-0.322275   -0.18962   0.393181
-0.262933   0.116735   0.0100505
-0.188399   -0.396273   0.0393233
-0.16357   0.347297   0.0877103
-0.308736   -0.185383   0.233931
0.0842679   0.0444113   0.17169
0.250471   -0.0485764   -0.00406382
-0.115603   0.241717   -0.25545
0.236813   0.0260846   -0.169786
0.236127   0.0862331   -0.37599
-0.30072   0.306898   -0.145677
-0.173784   0.36642   -0.473386
0.041533   -0.0791098   -0.371591
-0.425521   0.135564   0.15508
0.0761684   0.23644   -0.219953
0.364102   0.0711577   0.235407
0.422647   0.18581   -0.241752
0.133676   0.433175   -0.276474
-0.386435   0.251336   0.0872587
-0.306749   -0.431403   -0.0710477
0.262418   -0.121187   -0.468022
0.312474   -0.0269704   -0.170002
