-0.165566   -0.474632   0.467446
-0.107181   -0.156929   0.0183392
0.326369   0.0128988   0.0373107
0.404965   0.0490087   -0.256852
-0.245404   -0.455539   -0.150656
-0.330365   -0.448451   -0.311387
0.419373   -0.454995   0.210692
-0.149121   -0.471457   0.125755
-0.294624   0.218286   0.318919
-0.00944994   0.431954   -0.0699151
0.221075   0.0611047   -0.252635
0.188471   -0.42246   -0.269102
0.119956   -0.304366   -0.49227
0.0289553   -0.058408   0.310428
0.284193   0.297824   0.37459
-0.291749   -0.135354   0.174246
0.237976   0.24237   0.319994
0.388669   0.314618   -0.0564119
0.0580327   0.171428   -0.287104
0.217685   -0.166736   0.104256
-0.16059   0.216614   0.0587474
-0.0924175   -0.340053   -0.379846
0.0349024   0.089597   -0.249049
0.302709   -0.371478   -0.328228
-0.38689   0.155844   -0.10809
-0.36841   0.0221236   -0.436492
0.218853   0.370081   0.284609
-0.0200414   -0.387009   -0.308378
-0.0144085   -0.168401   0.250644
-0.159795   -0.475947   -0.35205
-0.131278   0.452744   -0.440258
-0.489129   -0.198841   0.0789877
-0.41298   0.108556   -0.370978
0.328973   -0.354613   0.476542
-0.197109   -0.155486   -0.454053
-0.0871687   0.207975   -0.437634
-0.189539   -0.234492   -0.115231
0.335682   -0.445763   -0.3325
-0.171481   0.00610889   0.132352
0.361545   0.167248   0.327093
-0.348386   0.435953   0.0728931
0.100939   -0.4139   0.153043
0.30939   0.454096   0.335375
-0.0393429   0.115784   -0.243838
0.290299   0.485977   -0.140889
0.329619   0.166889   -0.135232
0.222466   -0.264738   0.483672
0.140768   -0.269872   0.175463
0.100066   0.405028   0.204617
0.15908   0.0495429   -0.0281464
-0.352909   0.0794199   -0.0811076
0.171933   -0.207143   0.447577
0.214621   0.427274   -0.438261
0.251701   -0.00584584   -0.2772
0.199269   -0.28529   -0.402659
-0.425056   0.314695   -0.00805534
0.371673   -0.327285   0.146105
0.178628   -0.391572   -0.357673
-0.333088   -0.00603713   -0.192214
0.183618   0.0650726   0.323315
-0.352055   0.23179   -0.000240848
0.319218   0.227839   -0.183952
0.36469   0.266988   -0.114352
0.190577   0.131394   0.237651
0.24056   0.332284   0.457119
-0.0695699   0.489586   0.413117
0.453883   0.0469534   0.194089
0.0553463   0.14499   0.269472
0.0264041   -0.00935112   -0.262647
-0.411338   -0.101586   0.248119
-0.463385   -0.0462197   0.233874
-0.14098   0.457336   -0.239156
-0.0707485   -0.457155   0.0820502
-0.0778634   -0.102673   0.0843204
-0.379826   -0.109065   -0.188229
-0.20286   -0.0499623   0.279256
-0.197468   -0.146248   0.0739742
-0.395051   -0.075936   0.0852125
-0.355251   -0.25322   -0.0520785
0.171643   0.493641   0.281386
0.306992   0.334828   0.28635
-0.359539   -0.123224   0.419753
0.480341   -0.303712   0.408526
-0.265037   -0.293628   0.360901
0.166686   0.496886   0.473777
-0.230179   0.30402   0.3326
-0.322294   -0.189611   0.393199
-0.262964   0.116665   0.0100925
-0.188426   -0.396296   0.0392775
-0.163533   0.347243   0.0876905
-0.308707   -0.185388   0.23391
0.084254   0.0443953   0.171683
0.250476   -0.0486249   -0.00400764
-0.115621   0.241685   -0.255463
0.236868   0.0260926   -0.16969
0.236143   0.0862347   -0.375952
-0.300716   0.306909   -0.145695
-0.173826   0.366394   -0.473435
0.0414697   -0.079164   -0.371607
-0.425504   0.13559   0.155074
0.0760857   0.23643   -0.220029
0.364146   0.0711812   0.235399
0.422704   0.185798   -0.241716
0.133654   0.43312   -0.276489
-0.386477   0.2513   0.0872282
-0.306763   -0.431419   -0.0710379
0.262407   -0.12111   -0.467983
0.312465   -0.0269967   -0.16996
