   0.0323165           0           0
   0.0969496           0           0
    0.161583           0           0
    0.226216           0           0
    0.290849           0           0
    0.355482           0           0
    0.420115           0           0
    0.484748           0           0
    0.549381           0           0
    0.614014           0           0
    0.678647           0           0
     0.74328           0           0
    0.807913           0           0
    0.872546 0.000981839 0.000398079
    0.937179    0.151678  0.00797717
     1.00181     1.03726   0.0254699
     1.06645     1.88497   0.0405256
     1.13108     2.00513   0.0412429
     1.19571     1.91674   0.0408335
     1.26034     1.69398    0.032684
     1.32498     1.52739   0.0282793
     1.38961     1.36834   0.0237827
     1.45424     1.27194    0.021155
     1.51888     1.21652   0.0225578
     1.58351     1.16024   0.0216939
     1.64814     1.10956   0.0190872
     1.71278     1.08909   0.0195105
     1.77741     1.09895   0.0201306
     1.84204     1.07272   0.0153693
     1.90667     1.06366   0.0152403
     1.97131     1.05707   0.0147624
     2.03594     1.04752   0.0148281
     2.10057      1.0295   0.0136871
     2.16521     1.02678    0.015303
     2.22984     1.02655   0.0131976
     2.29447     1.03209   0.0129093
     2.35911     1.02535   0.0147022
     2.42374     1.03478   0.0125499
     2.48837      1.0407   0.0124919
     2.55301      1.0316    0.013441
     2.61764     1.00119   0.0120955
     2.68227     1.00304   0.0121262
      2.7469    0.999821   0.0109613
     2.81154     1.00303   0.0110888
     2.87617    0.999424   0.0113947
      2.9408    0.992091   0.0103311
     3.00544    0.994197  0.00973972
     3.07007    0.997265   0.0106756
      3.1347     1.00191  0.00974212
     3.19934    0.990209  0.00882088
     3.26397    0.992492  0.00956152
      3.3286    0.992282  0.00938704
     3.39323     1.00147  0.00897524
     3.45787     0.98738  0.00976716
      3.5225    0.991238  0.00950716
     3.58713    0.998628  0.00923854
     3.65177    0.995664  0.00848387
      3.7164     1.00666  0.00741395
     3.78103     1.00407  0.00831834
     3.84567     1.00528  0.00833986
      3.9103    0.998372  0.00786136
     3.97493     1.00318  0.00737977
     4.03957     1.00071  0.00750136
      4.1042     1.00492  0.00764663
     4.16883    0.990522  0.00656701
     4.23346    0.989327  0.00746726
      4.2981    0.997673  0.00691545
     4.36273    0.996439  0.00657028
     4.42736    0.992444  0.00713885
       4.492    0.994471  0.00700253
     4.55663    0.989687  0.00696248
     4.62126    0.990429  0.00690793
      4.6859    0.985894  0.00612422
     4.75053    0.991132  0.00625018
     4.81516    0.989485  0.00565967
     4.87979     0.97977  0.00599722
     4.94443    0.981446  0.00621578
     5.00906    0.978304  0.00554115
     5.07369    0.971762  0.00545621
     5.13833    0.971871  0.00598939
     5.20296    0.974341  0.00565171
     5.26759    0.981608  0.00544827
     5.33223    0.985972  0.00546182
     5.39686    0.977952  0.00595057
     5.46149    0.978855  0.00557186
     5.52612    0.974647  0.00556856
     5.59076    0.982304  0.00574222
     5.65539    0.983409  0.00494839
     5.72002    0.987219  0.00513923
     5.78466    0.987811  0.00551965
     5.84929    0.984778  0.00477668
     5.91392    0.991471  0.00467412
     5.97856    0.990936  0.00468851
     6.04319    0.994135  0.00474491
     6.10782    0.988624  0.00494525
     6.17246    0.983836  0.00530333
     6.23709    0.993249  0.00459862
     6.30172     0.99381  0.00503529
     6.36635    0.986185  0.00461565
     6.43099    0.993697  0.00464272
