           1     1.40883     1.40883           0
           2     1.40883     1.40883 3.00076e-06
           3     1.40882     1.40883 4.39721e-06
           4     1.40877     1.40881 1.53431e-05
           5     1.40869     1.40879 2.74667e-05
           6     1.40869     1.40877 2.76569e-05
           7     1.40869     1.40876 2.62825e-05
           8     1.40864     1.40875 2.71377e-05
           9     1.40862     1.40873 2.74862e-05
          10     1.40868     1.40873 2.52154e-05
          11     1.40875     1.40873 2.28946e-05
          12     1.40882     1.40874 2.23026e-05
          13     1.40888     1.40875 2.34497e-05
          14     1.40885     1.40875 2.29746e-05
          15     1.40885     1.40876 2.23584e-05
          16     1.40882     1.40876 2.11995e-05
          17     1.40872     1.40876 2.00503e-05
          18      1.4087     1.40876  1.9215e-05
          19     1.40862     1.40875 1.94987e-05
          20     1.40864     1.40875 1.93574e-05
          21      1.4087     1.40874 1.85521e-05
          22     1.40869     1.40874 1.78313e-05
          23     1.40871     1.40874 1.70889e-05
          24     1.40875     1.40874 1.63707e-05
          25     1.40876     1.40874 1.57197e-05
          26     1.40873     1.40874 1.51091e-05
          27     1.40872     1.40874 1.45658e-05
          28     1.40871     1.40874 1.40671e-05
          29     1.40871     1.40874 1.36004e-05
          30     1.40868     1.40874 1.32892e-05
          31     1.40871     1.40874 1.28802e-05
          32     1.40868     1.40873 1.25869e-05
          33     1.40868     1.40873 1.23112e-05
          34     1.40867     1.40873 1.20701e-05
          35      1.4087     1.40873 1.17562e-05
          36      1.4088     1.40873 1.15803e-05
          37      1.4088     1.40873 1.14014e-05
          38      1.4088     1.40873 1.12391e-05
          39     1.40876     1.40874 1.09695e-05
          40     1.40876     1.40874 1.07042e-05
          41     1.40874     1.40874 1.04419e-05
          42     1.40872     1.40874 1.01944e-05
          43     1.40873     1.40874 9.95501e-06
          44     1.40877     1.40874 9.75001e-06
          45     1.40877     1.40874 9.55693e-06
          46     1.40877     1.40874 9.36826e-06
          47     1.40873     1.40874 9.16985e-06
          48     1.40866     1.40874 9.11865e-06
          49     1.40868     1.40873 9.01542e-06
          50     1.40863     1.40873  9.0919e-06
          51     1.40858     1.40873 9.37512e-06
          52     1.40852     1.40873 1.00461e-05
          53     1.40857     1.40872 1.03036e-05
          54     1.40863     1.40872 1.02477e-05
          55     1.40871     1.40872 1.00612e-05
          56     1.40869     1.40872 9.89357e-06
          57     1.40868     1.40872 9.74518e-06
          58     1.40867     1.40872 9.61912e-06
          59     1.40869     1.40872 9.47075e-06
          60     1.40874     1.40872 9.31667e-06
          61     1.40876     1.40872 9.19374e-06
          62     1.40879     1.40872 9.11036e-06
          63     1.40882     1.40872 9.09299e-06
          64     1.40875     1.40872 8.95953e-06
          65     1.40876     1.40872 8.83848e-06
          66     1.40871     1.40872 8.70578e-06
          67     1.40865     1.40872 8.63923e-06
          68     1.40868     1.40872 8.53442e-06
          69     1.40869     1.40872   8.421e-06
          70     1.40867     1.40872 8.33678e-06
          71     1.40863     1.40872 8.30989e-06
          72      1.4086     1.40872 8.34806e-06
          73      1.4086     1.40872 8.39944e-06
          74     1.40856     1.40871  8.5486e-06
          75     1.40849     1.40871 8.96264e-06
          76     1.40845     1.40871 9.50069e-06
          77     1.40838      1.4087 1.03158e-05
          78     1.40836      1.4087 1.10789e-05
          79     1.40839     1.40869 1.16039e-05
          80     1.40848     1.40869 1.17571e-05
          81     1.40852     1.40869 1.18049e-05
          82     1.40851     1.40869 1.18696e-05
          83     1.40857     1.40869  1.1813e-05
          84     1.40866     1.40869 1.16746e-05
          85     1.40876     1.40869 1.15672e-05
          86      1.4088     1.40869  1.1505e-05
          87     1.40879     1.40869 1.14298e-05
          88     1.40879     1.40869 1.13592e-05
          89     1.40868     1.40869 1.12318e-05
          90      1.4086     1.40869 1.11519e-05
          91      1.4085     1.40869 1.12299e-05
          92     1.40855     1.40869 1.12118e-05
          93     1.40859     1.40868 1.11376e-05
          94     1.40865     1.40868  1.1026e-05
          95     1.40869     1.40868 1.09094e-05
          96     1.40867     1.40868 1.07958e-05
          97     1.40867     1.40868 1.06849e-05
          98      1.4087     1.40868 1.05763e-05
          99     1.40862     1.40868 1.04869e-05
         100     1.40864     1.40868   1.039e-05
