-0.392963   -0.494184   -0.439607
-0.217681   -0.330826   -0.447034
-0.397875   -0.335535   -0.282552
-0.230551   -0.492352   -0.275711
-0.0532201   -0.481205   -0.460199
0.109276   -0.318174   -0.446093
-0.0556912   -0.332333   -0.273298
0.0912025   -0.489275   -0.276432
0.257889   -0.483264   -0.451413
0.424732   -0.324082   -0.450645
0.251093   -0.325374   -0.26378
0.412276   -0.490387   -0.279475
-0.382067   -0.15759   -0.459202
-0.232036   0.000609133   -0.436338
-0.387183   0.0260809   -0.271996
-0.227916   -0.17266   -0.272917
-0.0626868   -0.148435   -0.47095
0.0978882   0.0167605   -0.452625
-0.0649198   -0.00262333   -0.294142
0.0987079   -0.15957   -0.273503
0.254001   -0.151739   -0.451092
0.440131   0.00831038   -0.44269
0.268262   0.0116915   -0.294374
0.431187   -0.165801   -0.296669
-0.377104   0.166937   -0.458177
-0.221172   0.355453   -0.442621
-0.394835   0.33706   -0.288812
-0.226054   0.175651   -0.277456
-0.0619399   0.18796   -0.457602
0.0940963   0.339252   -0.434682
-0.0637281   0.349046   -0.274314
0.0801849   0.182511   -0.265958
0.265331   0.188982   -0.445332
0.426794   0.355767   -0.440803
0.265934   0.336484   -0.259658
0.445322   0.164857   -0.267061
-0.403031   -0.493575   -0.108695
-0.226902   -0.318727   -0.125884
-0.421969   -0.326841   0.0523241
-0.234037   -0.495472   0.0415499
-0.0727445   -0.491596   -0.10556
0.104755   -0.325375   -0.101232
-0.0552171   -0.337975   0.05413
0.0996131   -0.49015   0.0623453
0.244779   0.499867   -0.110693
0.436595   -0.331427   -0.107809
0.261362   -0.310575   0.0573603
0.415515   0.499884   0.0479586
-0.42845   -0.159473   -0.128189
-0.236323   -0.0174154   -0.097539
-0.398967   0.0118162   0.0815283
-0.251523   -0.160896   0.0698025
-0.0545508   -0.179192   -0.124846
0.0881584   0.0110911   -0.120791
-0.0713167   -0.00597447   0.0759253
0.0982684   -0.162894   0.0447127
0.266382   -0.143024   -0.125556
0.440431   0.0184626   -0.105661
0.257004   0.0179845   0.0600924
0.443875   -0.148168   0.0486826
-0.376701   0.172746   -0.0960435
-0.237902   0.339366   -0.121233
-0.404906   0.356084   0.0583894
-0.22079   0.161215   0.0583
-0.087852   0.16973   -0.11369
0.0884749   0.347708   -0.0907441
-0.074533   0.341119   0.0505871
0.0857828   0.16126   0.0403382
0.247447   0.163285   -0.112985
0.421983   0.341906   -0.100377
0.252834   0.321217   0.0739476
0.427978   0.162278   0.0847001
-0.418723   -0.497678   0.223712
-0.245746   -0.34168   0.236211
-0.415903   -0.326708   0.389142
-0.243039   -0.495351   0.390195
-0.0776852   -0.48061   0.209245
0.0980567   -0.323815   0.219317
-0.0746311   -0.319355   0.37406
0.0802112   0.489561   0.359816
0.277816   -0.495887   0.212597
0.422577   -0.338753   0.235982
0.253591   -0.316108   0.373988
0.440405   -0.492308   0.401848
-0.422604   -0.170029   0.224357
-0.24958   0.0168367   0.232924
-0.406974   0.00960189   0.386009
-0.235885   -0.173533   0.363765
-0.074153   -0.180661   0.206245
0.0904123   0.0260176   0.233027
-0.071892   0.00813494   0.381753
0.111609   -0.156105   0.37776
0.26678   -0.152364   0.210664
0.43625   0.00506889   0.233779
0.277553   0.0172793   0.385196
0.427347   -0.151259   0.397319
-0.385036   0.201309   0.202565
-0.229523   0.352512   0.223375
-0.38427   0.350241   0.389473
-0.222149   0.172016   0.388204
-0.0648397   0.17685   0.224711
0.0961184   0.320451   0.218697
-0.0751806   0.341159   0.373023
0.103093   0.169745   0.40008
0.253417   0.175397   0.234153
0.428842   0.340958   0.235824
0.264115   0.358637   0.394159
0.438234   0.179485   0.4108
