0 0.308271 0.00459506
1 0.0275444 0.220063
2 0.325377 0.215365
3 0.33414 0.251284
4 0.892081 0.184134
5 0.568202 0.229619
6 0.17607 0.203544
7 0.62988 0.189043
8 0.0934217 0.224392
9 0.145707 0.177322
10 0.231391 0.183439
11 0.244759 0.121441
12 -0.0342433 0.19539
13 0.207539 0.182904
14 0.323131 0.187957
15 0.416547 0.180662
16 0.330121 0.182381
17 0.597986 0.182644
18 0.211342 0.199614
19 0.637873 0.169342
20 0.704457 0.177494
21 0.633221 0.177987
22 0.46874 0.174425
23 0.329134 0.151103
24 0.215962 0.138727
25 0.229451 0.167182
26 0.528706 0.1681
27 0.117948 0.156551
28 0.409832 0.138864
29 0.137183 0.193961
30 0.2147 0.123789
31 0.458638 0.148769
32 0.528715 0.145964
33 0.313218 0.121271
34 0.0715335 0.159707
35 0.269513 0.213081
36 0.27889 0.107722
37 0.0775148 0.12578
38 0.60549 0.17346
39 0.326909 0.191777
40 0.349778 0.120524
41 0.281143 0.123835
42 0.468347 0.15074
43 0.332551 0.0952998
44 0.579353 0.157409
45 0.229038 0.174085
46 0.455467 0.163763
47 0.0835272 0.176307
48 0.398577 0.10782
49 0.406971 0.19171
50 0.244663 0.140311
51 0.094037 0.132943
52 0.138309 0.132975
53 0.664145 0.118669
54 0.505877 0.162867
55 0.288668 0.127956
56 0.314312 0.125792
57 0.34165 0.107958
58 0.0967285 0.152057
59 0.245587 0.129731
60 0.44482 0.132804
61 0.433058 0.122975
62 0.464026 0.128919
63 0.470769 0.0993406
64 0.450652 0.11861
65 0.556183 0.121576
66 0.232003 0.140503
67 0.250513 0.132193
68 0.379688 0.12971
69 0.538129 0.101324
70 0.111095 0.138921
71 0.231069 0.106351
72 0.0284285 0.128536
73 0.171712 0.128425
74 0.420004 0.146978
75 0.273838 0.122981
76 0.419716 0.139686
77 0.0819744 0.126998
78 0.273589 0.114587
79 0.423495 0.0892777
80 0.196383 0.114088
81 0.421709 0.12344
82 0.468505 0.137904
83 0.434315 0.103906
84 0.368508 0.120724
85 0.197993 0.161619
86 0.378066 0.131609
87 0.0683243 0.132919
88 0.406698 0.111273
89 0.32156 0.119081
90 0.356913 0.131074
91 0.155706 0.0969952
92 0.405156 0.0996303
93 0.472734 0.135436
94 0.425712 0.10153
95 0.2529 0.153938
96 0.324974 0.145837
97 0.230243 0.112221
98 0.535435 0.1184
99 0.207883 0.136062
100 0.462202 0.100641
101 0.509093 0.149428
102 0.265761 0.114636
103 0.403655 0.150115
104 0.501089 0.114013
105 0.430078 0.137746
106 0.281322 0.134002
107 0.440223 0.135818
108 0.305913 0.11529
109 0.429815 0.148385
110 0.246652 0.144879
111 0.191516 0.108007
112 0.388267 0.123112
113 0.219349 0.116614
114 0.560458 0.100951
115 0.195161 0.103262
116 0.325566 0.099558
117 0.424511 0.102265
118 0.325162 0.122659
119 0.256687 0.113819
120 0.514643 0.0951961
121 0.195216 0.0897361
122 0.199766 0.125004
123 0.248861 0.107609
124 0.304705 0.122505
125 0.252245 0.1328
126 0.593831 0.134931
127 0.32548 0.0907532
128 0.212487 0.0884338
129 0.432181 0.104433
130 0.233775 0.117392
131 0.358483 0.0971574
132 0.21721 0.137525
133 0.332277 0.123107
134 0.447086 0.121458
135 0.31668 0.128225
136 0.517854 0.07539
137 0.189568 0.107413
138 0.292901 0.0889376
139 0.37823 0.103926
140 0.37662 0.0957319
141 0.25221 0.0899107
142 0.328949 0.10287
143 0.374441 0.110506
144 0.270999 0.109173
145 0.304781 0.115536
146 0.216955 0.0953807
147 0.257099 0.143962
148 0.320489 0.100925
149 0.0702675 0.129631
150 0.354699 0.106804
151 0.148365 0.113718
152 0.17153 0.11069
153 0.331892 0.121492
154 0.065101 0.127704
155 0.367711 0.141184
156 0.231542 0.104396
157 0.294272 0.0891923
158 0.321021 0.143796
159 0.452851 0.0956484
160 0.282037 0.115806
161 0.0843515 0.124957
162 0.459306 0.12804
163 0.39118 0.116021
164 0.393208 0.109952
165 0.164156 0.0816511
166 0.35196 0.131462
167 0.182264 0.103252
168 0.36849 0.0889428
169 0.232546 0.137222
170 0.280602 0.0974904
171 0.328395 0.109547
172 0.433681 0.113858
173 0.254477 0.103106
174 0.421886 0.0992226
175 0.185879 0.133753
176 0.0741017 0.154226
177 0.188356 0.119803
178 0.421479 0.0836113
179 0.188775 0.124866
180 0.584112 0.119852
181 0.373463 0.0775827
182 0.371314 0.149248
183 0.391882 0.125378
184 0.321265 0.0955858
185 0.552721 0.0918405
186 0.376242 0.106818
187 0.106361 0.122638
188 0.205742 0.0921092
189 0.299095 0.108132
190 0.422636 0.119054
191 0.320276 0.111473
192 0.282822 0.153797
193 0.415446 0.135379
194 0.309955 0.0912703
195 0.285037 0.112326
196 0.121938 0.162401
197 0.409922 0.117043
198 0.258309 0.132083
199 0.287044 0.111992
200 0.238713 0.10253
201 0.313384 0.0963832
202 0.376991 0.133672
203 0.409219 0.106679
204 0.159953 0.129054
205 0.196026 0.0888106
206 0.212513 0.0991731
207 0.236699 0.132929
208 0.0731244 0.105885
209 0.408203 0.107671
210 0.220641 0.103118
211 0.316954 0.136247
212 0.225111 0.124431
213 0.067936 0.101924
214 0.194324 0.146479
215 0.384622 0.105674
216 0.288646 0.173372
217 0.450517 0.122201
218 0.310824 0.122636
219 0.392192 0.110983
220 0.134244 0.109763
221 0.284249 0.153438
222 0.413823 0.121296
223 0.270839 0.124656
224 0.242501 0.114346
225 0.277436 0.133106
226 0.344551 0.141531
227 0.213203 0.117933
228 0.603269 0.112574
229 0.192155 0.135525
230 0.32276 0.125861
231 0.25791 0.131275
232 0.367135 0.13834
233 0.46168 0.149845
234 0.3434 0.124127
235 0.531746 0.142477
236 0.0961867 0.13957
237 0.52442 0.138256
238 0.431877 0.109429
239 0.516806 0.116473
240 0.310136 0.109999
241 0.2945 0.128534
242 0.498915 0.0951552
243 0.101751 0.139599
244 0.191411 0.108187
245 0.148642 0.133634
246 0.517081 0.12891
247 0.294883 0.145031
248 0.496257 0.136516
249 0.209004 0.120505
250 0.283513 0.138818
251 0.45893 0.12144
252 0.326 0.107985
253 0.426789 0.164538
254 0.0425548 0.161369
255 0.0748032 0.137874
256 0.522388 0.15804
257 0.156738 0.140854
258 0.317309 0.122443
259 0.139769 0.138322
260 0.277263 0.168777
261 0.21814 0.162742
262 0.198358 0.138565
263 0.317032 0.188242
264 0.506071 0.163387
265 0.491693 0.168431
266 0.376337 0.134567
267 0.344998 0.143183
268 0.383002 0.140858
269 0.400168 0.148199
270 0.431463 0.140608
271 0.528152 0.190138
272 0.198264 0.146359
273 0.0813418 0.235184
274 0.191691 0.146324
275 0.513173 0.141256
276 0.497648 0.154489
277 0.397891 0.192868
278 0.175211 0.176808
279 0.252418 0.157374
280 0.311539 0.168577
281 0.386435 0.190593
282 0.226615 0.202762
283 0.130608 0.215641
284 0.288948 0.22401
285 0.204247 0.176604
286 0.468959 0.118065
287 0.161572 0.135068
288 0.400342 0.25019
289 0.475219 0.171706
290 0.291735 0.18417
291 0.51884 0.190298
292 0.394134 0.268972
293 0.122223 0.147391
294 0.125022 0.181042
295 0.3469 0.181629
296 0.0822622 0.170037
297 -0.0564434 0.167104
298 0.619329 0.181562
299 0.296889 0.00596028
