0 -0.429464 0.0179633
1 -0.562166 0.0124296
2 -0.641566 0.00873059
3 -0.696647 0.00949085
4 -0.73621 0.00980951
5 -0.75249 0.0104148
6 -0.758422 0.00886086
7 -0.770261 0.00831173
8 -0.77302 0.00921045
9 -0.789766 0.00682219
10 -0.7872 0.00567668
11 -0.791856 0.00653411
12 -0.795176 0.00729891
13 -0.788116 0.00819234
14 -0.788331 0.00583196
15 -0.798134 0.00507204
16 -0.796309 0.0075008
17 -0.787374 0.00639641
18 -0.787008 0.00598575
19 -0.784992 0.00559559
20 -0.791898 0.00605595
21 -0.789444 0.00504882
22 -0.788068 0.0053915
23 -0.777851 0.00675249
24 -0.776254 0.00671027
25 -0.780905 0.00639678
26 -0.776268 0.00611781
27 -0.77607 0.0063188
28 -0.781839 0.00631658
29 -0.782044 0.0060544
30 -0.790112 0.00477236
31 -0.772493 0.00597693
32 -0.78255 0.00575399
33 -0.782269 0.0060544
34 -0.782415 0.00736804
35 -0.789154 0.00696895
36 -0.787658 0.005496
37 -0.784878 0.00613379
38 -0.782735 0.00654736
39 -0.782645 0.005941
40 -0.78612 0.0057019
41 -0.791287 0.00481051
42 -0.788794 0.00422102
43 -0.786239 0.00596201
44 -0.773345 0.00717337
45 -0.770868 0.00667667
46 -0.775493 0.0060751
47 -0.774762 0.00699259
48 -0.774261 0.00472389
49 -0.778896 0.00402759
50 -0.776071 0.00457814
51 -0.783133 0.00575528
52 -0.774368 0.00541031
53 -0.771997 0.00605371
54 -0.778279 0.00561376
55 -0.780849 0.00606741
56 -0.774976 0.00621659
57 -0.778974 0.00580954
58 -0.782782 0.00566785
59 -0.782373 0.00444413
60 -0.789588 0.00542491
61 -0.787702 0.00457565
62 -0.775345 0.00654405
63 -0.775894 0.00737887
64 -0.785805 0.00542406
65 -0.776744 0.00574025
66 -0.777624 0.00641646
67 -0.770003 0.00558727
68 -0.773782 0.00503376
69 -0.765335 0.00498018
70 -0.769063 0.00410843
71 -0.772158 0.00310177
72 -0.774261 0.00476177
73 -0.773123 0.0050808
74 -0.777715 0.00394207
75 -0.776489 0.00321878
76 -0.780215 0.00351581
77 -0.783302 0.00453207
78 -0.785328 0.00401803
79 -0.781646 0.00440327
80 -0.781008 0.00381651
81 -0.783053 0.00452262
82 -0.778395 0.00394152
83 -0.78379 0.0045771
84 -0.788228 0.00592101
85 -0.791031 0.00557467
86 -0.780425 0.00556355
87 -0.783505 0.00492914
88 -0.77942 0.00484021
89 -0.77748 0.00494722
90 -0.778627 0.00476517
91 -0.78365 0.00460877
92 -0.78191 0.00523105
93 -0.779877 0.0043084
94 -0.785715 0.00468958
95 -0.780627 0.00529312
96 -0.7791 0.0067846
97 -0.770242 0.005438
98 -0.775427 0.00559284
99 -0.77743 0.00513897
100 -0.778573 0.00520638
101 -0.775617 0.00673393
102 -0.777603 0.00540688
103 -0.786251 0.00574864
104 -0.786696 0.00648327
105 -0.786021 0.00627696
106 -0.788113 0.00530678
107 -0.784864 0.00604368
108 -0.78 0.00647313
109 -0.7823 0.00610452
110 -0.784399 0.00653414
111 -0.781272 0.0066904
112 -0.781166 0.0065815
113 -0.77874 0.00674941
114 -0.778128 0.0057825
115 -0.776429 0.00680174
116 -0.778686 0.0046436
117 -0.779675 0.0042369
118 -0.786821 0.00579586
119 -0.78259 0.00600317
120 -0.784761 0.00534825
121 -0.785889 0.00411968
122 -0.790815 0.00594667
123 -0.773827 0.00563043
124 -0.778342 0.0053341
125 -0.775197 0.00431725
126 -0.774638 0.00432986
127 -0.767859 0.003646
128 -0.771519 0.00645511
129 -0.776058 0.00583972
130 -0.77508 0.00438894
131 -0.776255 0.00499285
132 -0.778169 0.00329225
133 -0.783155 0.00455055
134 -0.78436 0.00479963
135 -0.784198 0.00376276
136 -0.777764 0.00300365
137 -0.77686 0.00375386
138 -0.775643 0.00444164
139 -0.776913 0.00409917
140 -0.782079 0.00575066
141 -0.784061 0.0049485
142 -0.782821 0.00454663
143 -0.781082 0.00478059
144 -0.775001 0.00546852
145 -0.777649 0.00486486
146 -0.775714 0.00483259
147 -0.777611 0.00419919
148 -0.771161 0.00417373
149 -0.775885 0.00479051
150 -0.782538 0.00540487
151 -0.782122 0.00606316
152 -0.771784 0.00572169
153 -0.775797 0.00637094
154 -0.782408 0.00451364
155 -0.789009 0.00556893
156 -0.784365 0.0058067
157 -0.787232 0.00596644
158 -0.783389 0.00478851
159 -0.782436 0.00706599
160 -0.77924 0.00567195
161 -0.778531 0.00382028
162 -0.782818 0.00351364
163 -0.786354 0.00393897
164 -0.784157 0.00524381
165 -0.78847 0.00520739
166 -0.791488 0.00509469
167 -0.781683 0.00546899
168 -0.784527 0.0045883
169 -0.779319 0.00606054
170 -0.786103 0.00632588
171 -0.783485 0.00627523
172 -0.783398 0.00494041
173 -0.783708 0.00560849
174 -0.788594 0.00446587
175 -0.787765 0.00498624
176 -0.791192 0.00437879
177 -0.789012 0.00441836
178 -0.791743 0.00597675
179 -0.790177 0.0055778
180 -0.787314 0.00568794
181 -0.783 0.00584668
182 -0.786004 0.00753643
183 -0.777817 0.006942
184 -0.775063 0.00769624
185 -0.7742 0.00828058
186 -0.781302 0.0070335
187 -0.777535 0.00599968
188 -0.784381 0.00538679
189 -0.781676 0.004292
190 -0.779334 0.00428565
191 -0.786516 0.00499972
192 -0.782872 0.00677043
193 -0.788158 0.00623629
194 -0.788445 0.00713169
195 -0.793677 0.00619274
196 -0.793036 0.00704384
197 -0.787659 0.00711642
198 -0.783229 0.00618623
199 -0.78686 0.00513131
200 -0.788701 0.00607294
201 -0.790947 0.00505992
202 -0.797978 0.00461968
203 -0.792568 0.00540711
204 -0.789291 0.00462445
205 -0.789961 0.0056888
206 -0.785503 0.00614391
207 -0.786452 0.0053809
208 -0.77948 0.00688643
209 -0.782131 0.00542951
210 -0.784781 0.0041403
211 -0.783433 0.00307819
212 -0.779547 0.00440173
213 -0.77778 0.00484447
214 -0.78051 0.00492113
215 -0.784468 0.00427328
216 -0.785192 0.00403293
217 -0.784145 0.00532186
218 -0.782521 0.0051401
219 -0.784739 0.00466165
220 -0.785039 0.00489934
221 -0.783555 0.00654184
222 -0.781747 0.00552799
223 -0.777199 0.00691619
224 -0.777515 0.0056599
225 -0.781748 0.00662825
226 -0.778906 0.00469631
227 -0.785998 0.00530088
228 -0.782563 0.00566062
229 -0.774642 0.00564699
230 -0.770594 0.00520353
231 -0.770289 0.0048757
232 -0.778378 0.00562812
233 -0.78036 0.00498194
234 -0.780947 0.0044057
235 -0.777992 0.0054096
236 -0.778571 0.00476825
237 -0.777477 0.00554123
238 -0.77943 0.0058284
239 -0.779279 0.00589801
240 -0.778588 0.00565407
241 -0.786617 0.0054571
242 -0.78999 0.00602434
243 -0.780519 0.00608053
244 -0.78015 0.00789878
245 -0.781515 0.00601438
246 -0.780209 0.00657101
247 -0.780878 0.00682929
248 -0.777908 0.0047411
249 -0.782216 0.00690832
250 -0.778335 0.00652969
251 -0.773677 0.00675981
252 -0.778801 0.00627866
253 -0.776858 0.00676621
254 -0.775437 0.00710704
255 -0.780002 0.00658146
256 -0.772435 0.00668693
257 -0.779252 0.00747587
258 -0.780207 0.00706295
259 -0.782975 0.00672585
260 -0.778456 0.00753396
261 -0.78024 0.00580625
262 -0.778607 0.00526691
263 -0.779852 0.00540842
264 -0.780204 0.00688172
265 -0.787904 0.00589056
266 -0.785526 0.00717107
267 -0.7943 0.00809967
268 -0.780469 0.00716913
269 -0.783191 0.00551691
270 -0.790899 0.00454221
271 -0.784287 0.00442871
272 -0.79003 0.00551208
273 -0.792085 0.00548991
274 -0.785488 0.00732004
275 -0.778005 0.00899914
276 -0.786612 0.00716779
277 -0.778671 0.00766365
278 -0.778859 0.00747069
279 -0.775976 0.00718028
280 -0.786665 0.00747263
281 -0.790475 0.00850007
282 -0.796989 0.00729051
283 -0.796355 0.00776101
284 -0.800511 0.00644561
285 -0.804621 0.010043
286 -0.803438 0.00967864
287 -0.792312 0.00894936
288 -0.79904 0.00589467
289 -0.79067 0.00644167
290 -0.789184 0.00638917
291 -0.79241 0.00625317
292 -0.781707 0.0085982
293 -0.77309 0.00736192
294 -0.778353 0.00833334
295 -0.760125 0.00879265
296 -0.721232 0.00841743
297 -0.670021 0.00919399
298 -0.592755 0.011803
299 -0.454462 0.0207276
