0 16.5519
1 15.7746
2 14.9052
3 14.0673
4 13.4778
5 12.9873
6 12.4856
7 12.0841
8 11.5581
9 10.9738
10 10.3726
11 9.86568
12 9.4306
13 9.09839
14 8.83902
15 8.64772
16 8.51516
17 8.31601
18 8.16748
19 7.97775
20 7.74942
21 7.6154
22 7.49192
23 7.3674
24 7.24729
25 7.24854
26 7.26081
27 7.25862
28 7.10821
29 7.00841
30 6.87742
31 6.68444
32 6.4475
33 6.26973
34 6.14319
35 6.03956
36 5.9338
37 5.91579
38 5.83906
39 5.80474
40 5.78803
41 5.7869
42 5.72144
43 5.75957
44 5.7051
45 5.66548
46 5.66794
47 5.69562
48 5.62763
49 5.64243
50 5.64826
51 5.63133
52 5.63076
53 5.58566
54 5.49375
55 5.43819
56 5.37207
57 5.30011
58 5.29646
59 5.2545
60 5.22399
61 5.17105
62 5.19633
63 5.17576
64 5.20185
65 5.18153
66 5.14107
67 5.16958
68 5.14557
69 5.21519
70 5.19535
71 5.22578
72 5.212
73 5.14283
74 5.16536
75 5.17941
76 5.17242
77 5.17293
78 5.18772
79 5.1544
80 5.13026
81 5.12642
82 5.13274
83 5.1426
84 5.08963
85 5.0896
86 5.09045
87 5.11689
88 5.10014
89 5.11017
90 5.09057
91 5.12491
92 5.15018
93 5.18117
94 5.1426
95 5.13874
96 5.11057
97 5.16932
98 5.13259
99 5.15885
100 5.17788
101 5.15459
102 5.12391
103 5.13346
104 5.11004
105 5.09344
106 5.09774
107 5.10055
108 5.13344
109 5.14181
110 5.14842
111 5.15981
112 5.15431
113 5.18092
114 5.1975
115 5.17374
116 5.13804
117 5.15805
118 5.1309
119 5.13882
120 5.15724
121 5.12753
122 5.13006
123 5.09467
124 5.11399
125 5.10885
126 5.10329
127 5.14091
128 5.12959
129 5.17656
130 5.155
131 5.14876
132 5.1592
133 5.20176
134 5.17911
135 5.16476
136 5.15306
137 5.18624
138 5.15497
139 5.14858
140 5.22566
141 5.20807
142 5.19852
143 5.15698
144 5.13937
145 5.13788
146 5.14698
147 5.14763
148 5.13867
149 5.12015
150 5.10092
151 5.09223
152 5.16736
153 5.12189
154 5.1216
155 5.09024
156 5.14807
157 5.18567
158 5.20047
159 5.20218
160 5.20031
161 5.14729
162 5.11776
163 5.12063
164 5.11055
165 5.10051
166 5.12405
167 5.07551
168 5.07982
169 5.08714
170 5.13106
171 5.13004
172 5.1476
173 5.18276
174 5.1176
175 5.10733
176 5.11561
177 5.09174
178 5.12926
179 5.11417
180 5.13494
181 5.1353
182 5.11535
183 5.14551
184 5.13934
185 5.11838
186 5.15009
187 5.12943
188 5.13206
189 5.14392
190 5.13447
191 5.10224
192 5.1367
193 5.12985
194 5.15019
195 5.13605
196 5.12481
197 5.11697
198 5.14322
199 5.12632
200 5.17858
201 5.21218
202 5.15153
203 5.15841
204 5.16103
205 5.18206
206 5.14441
207 5.11935
208 5.15025
209 5.13324
210 5.14765
211 5.13473
212 5.16774
213 5.09427
214 5.11945
215 5.13528
216 5.16269
217 5.19954
218 5.20581
219 5.18791
220 5.12913
221 5.14539
222 5.13709
223 5.13349
224 5.2134
225 5.17767
226 5.18597
227 5.1853
228 5.16389
229 5.16432
230 5.13617
231 5.1463
232 5.11493
233 5.10424
234 5.11902
235 5.15308
236 5.14769
237 5.14363
238 5.13497
239 5.1076
240 5.1275
241 5.14369
242 5.10412
243 5.09718
244 5.10635
245 5.09381
246 5.09376
247 5.15818
248 5.12834
249 5.13794
250 5.13638
251 5.15696
252 5.13362
253 5.14227
254 5.11838
255 5.15195
256 5.17574
257 5.21494
258 5.18919
259 5.14428
260 5.17161
261 5.12733
262 5.13028
263 5.12975
264 5.12237
265 5.08101
266 5.11835
267 5.1498
268 5.13328
269 5.12849
270 5.1206
271 5.08944
272 5.14133
273 5.14782
274 5.1435
275 5.13225
276 5.10396
277 5.13176
278 5.14747
279 5.18527
280 5.15377
281 5.18502
282 5.15143
283 5.1559
284 5.14893
285 5.18717
286 5.14877
287 5.0995
288 5.11
289 5.12982
290 5.11715
291 5.1078
292 5.11172
293 5.14706
294 5.15939
295 5.20106
296 5.14221
297 5.11186
298 5.07107
299 5.06538
300 5.08387
