0 12.2625
1 11.8667
2 11.3312
3 11.2272
4 10.7917
5 10.6046
6 9.41334
7 9.13276
8 8.63953
9 8.53538
10 8.13269
11 8.13269
12 7.89765
13 7.7935
14 7.79098
15 7.40841
16 7.40841
17 7.08905
18 7.02326
19 6.84216
20 6.77519
21 6.77519
22 6.48688
23 6.48688
24 5.93992
25 5.93992
26 5.87258
27 5.58426
28 5.57859
29 5.57859
30 5.43894
31 5.43894
32 5.43894
33 5.40019
34 5.40019
35 5.38387
36 5.38387
37 5.38089
38 5.35251
39 5.35251
40 5.30191
41 5.27055
42 5.27055
43 5.27055
44 5.27055
45 5.27055
46 5.25609
47 5.25019
48 5.25019
49 5.00788
50 5.00788
51 4.97357
52 4.81344
53 4.80815
54 4.80815
55 4.80815
56 4.80815
57 4.80815
58 4.80815
59 4.80815
60 4.80815
61 4.80815
62 4.80815
63 4.80815
64 4.80815
65 4.80815
66 4.80815
67 4.80815
68 4.80815
69 4.80815
70 4.80815
71 4.80815
72 4.80815
73 4.80815
74 4.74011
75 4.74011
76 4.74011
77 4.74011
78 4.74011
79 4.74011
80 4.74011
81 4.74011
82 4.74011
83 4.74011
84 4.74011
85 4.74011
86 4.74011
87 4.74011
88 4.74011
89 4.74011
90 4.74011
91 4.74011
92 4.74011
93 4.74011
94 4.74011
95 4.74011
96 4.74011
97 4.74011
98 4.74011
99 4.74011
100 4.74011
101 4.74011
102 4.74011
103 4.74011
104 4.74011
105 4.74011
106 4.74011
107 4.74011
108 4.74011
109 4.74011
110 4.74011
111 4.74011
112 4.74011
113 4.74011
114 4.74011
115 4.74011
116 4.74011
117 4.74011
118 4.74011
119 4.74011
120 4.74011
121 4.74011
122 4.74011
123 4.74011
124 4.74011
125 4.74011
126 4.74011
127 4.74011
128 4.74011
129 4.74011
130 4.74011
131 4.74011
132 4.74011
133 4.74011
134 4.74011
135 4.74011
136 4.74011
137 4.74011
138 4.74011
139 4.74011
140 4.74011
141 4.74011
142 4.74011
143 4.74011
144 4.74011
145 4.74011
146 4.74011
147 4.74011
148 4.74011
149 4.74011
150 4.74011
151 4.74011
152 4.74011
153 4.74011
154 4.74011
155 4.74011
156 4.74011
157 4.74011
158 4.74011
159 4.74011
160 4.74011
161 4.74011
162 4.74011
163 4.74011
164 4.74011
165 4.74011
166 4.74011
167 4.74011
168 4.74011
169 4.74011
170 4.74011
171 4.74011
172 4.74011
173 4.74011
174 4.74011
175 4.74011
176 4.74011
177 4.74011
178 4.74011
179 4.74011
180 4.74011
181 4.74011
182 4.74011
183 4.74011
184 4.74011
185 4.74011
186 4.74011
187 4.74011
188 4.74011
189 4.74011
190 4.74011
191 4.74011
192 4.74011
193 4.74011
194 4.74011
195 4.74011
196 4.74011
197 4.74011
198 4.74011
199 4.74011
200 4.74011
201 4.74011
202 4.74011
203 4.74011
204 4.74011
205 4.74011
206 4.74011
207 4.74011
208 4.74011
209 4.74011
210 4.74011
211 4.74011
212 4.74011
213 4.74011
214 4.74011
215 4.74011
216 4.74011
217 4.74011
218 4.74011
219 4.74011
220 4.74011
221 4.74011
222 4.74011
223 4.74011
224 4.74011
225 4.74011
226 4.74011
227 4.74011
228 4.74011
229 4.74011
230 4.74011
231 4.74011
232 4.74011
233 4.74011
234 4.74011
235 4.74011
236 4.74011
237 4.74011
238 4.74011
239 4.74011
240 4.74011
241 4.74011
242 4.74011
243 4.74011
244 4.74011
245 4.74011
246 4.74011
247 4.74011
248 4.74011
249 4.74011
250 4.74011
251 4.74011
252 4.74011
253 4.74011
254 4.74011
255 4.74011
256 4.74011
257 4.74011
258 4.74011
259 4.74011
260 4.74011
261 4.74011
262 4.74011
263 4.74011
264 4.74011
265 4.74011
266 4.74011
267 4.74011
268 4.74011
269 4.74011
270 4.74011
271 4.74011
272 4.74011
273 4.74011
274 4.74011
275 4.74011
276 4.74011
277 4.74011
278 4.74011
279 4.74011
280 4.74011
281 4.74011
282 4.74011
283 4.74011
284 4.74011
285 4.74011
286 4.74011
287 4.74011
288 4.74011
289 4.74011
290 4.74011
291 4.74011
292 4.74011
293 4.74011
294 4.74011
295 4.74011
296 4.74011
297 4.74011
298 4.74011
299 4.74011
300 4.74011
