0 39.6429
1 37.4336
2 34.9851
3 32.5516
4 30.56
5 28.6135
6 26.2423
7 24.3583
8 22.5071
9 21.1066
10 19.8939
11 18.8265
12 17.8394
13 16.8674
14 15.873
15 14.8875
16 13.9008
17 12.8928
18 12.3778
19 11.6923
20 11.1052
21 10.8351
22 10.73
23 10.5878
24 10.2558
25 10.1145
26 9.96757
27 9.9819
28 9.81487
29 9.78138
30 9.71886
31 9.5113
32 9.22723
33 8.99038
34 8.88484
35 8.87894
36 8.69917
37 8.60777
38 8.35184
39 8.22146
40 7.91845
41 7.74455
42 7.59958
43 7.87887
44 8.03029
45 8.26147
46 8.41021
47 8.5503
48 8.16724
49 8.07244
50 7.87078
51 7.72343
52 7.67763
53 7.54738
54 7.45231
55 7.43206
56 7.38083
57 7.3355
58 7.36002
59 7.31998
60 7.25572
61 7.09597
62 7.15249
63 7.05934
64 7.12929
65 7.09967
66 6.99989
67 7.10385
68 7.02118
69 7.18814
70 7.15061
71 7.19636
72 7.13479
73 6.99136
74 7.05059
75 7.09541
76 7.12267
77 7.11881
78 7.17453
79 7.09681
80 7.11159
81 7.10667
82 7.13631
83 7.15987
84 7.08569
85 7.05884
86 7.0606
87 7.15888
88 7.16273
89 7.10687
90 7.02818
91 7.16261
92 7.2423
93 7.31736
94 7.25393
95 7.22126
96 7.18428
97 7.30175
98 7.24694
99 7.31763
100 7.33024
101 7.27034
102 7.19399
103 7.18373
104 7.12213
105 7.04212
106 7.05324
107 7.11977
108 7.19713
109 7.1483
110 7.18443
111 7.24943
112 7.21912
113 7.2639
114 7.34198
115 7.25399
116 7.17688
117 7.2099
118 7.19074
119 7.16822
120 7.23213
121 7.22537
122 7.20954
123 7.07601
124 7.101
125 7.12127
126 7.10548
127 7.23328
128 7.23056
129 7.35577
130 7.29904
131 7.25379
132 7.26596
133 7.39087
134 7.31833
135 7.31352
136 7.21715
137 7.28947
138 7.23186
139 7.21682
140 7.40327
141 7.37838
142 7.34817
143 7.23845
144 7.23031
145 7.19862
146 7.21361
147 7.20128
148 7.14385
149 7.13842
150 7.12118
151 7.10347
152 7.25885
153 7.14591
154 7.13879
155 7.09138
156 7.21157
157 7.25873
158 7.26534
159 7.26543
160 7.31653
161 7.19625
162 7.13868
163 7.13712
164 7.13052
165 7.11925
166 7.1658
167 7.02166
168 7.05491
169 7.07939
170 7.22006
171 7.21697
172 7.24136
173 7.31147
174 7.1353
175 7.11467
176 7.13195
177 7.10259
178 7.20086
179 7.16933
180 7.18362
181 7.18794
182 7.13676
183 7.19809
184 7.19356
185 7.15477
186 7.2342
187 7.20056
188 7.20067
189 7.21885
190 7.18221
191 7.10342
192 7.20841
193 7.17021
194 7.1799
195 7.15063
196 7.16192
197 7.12817
198 7.20899
199 7.18815
200 7.33724
201 7.45299
202 7.2974
203 7.29727
204 7.27762
205 7.34306
206 7.22341
207 7.1488
208 7.19339
209 7.14149
210 7.14572
211 7.10655
212 7.17295
213 7.01285
214 7.1103
215 7.14093
216 7.20005
217 7.29387
218 7.29394
219 7.31653
220 7.16585
221 7.23397
222 7.21552
223 7.19344
224 7.36369
225 7.2317
226 7.31318
227 7.27836
228 7.26769
229 7.21131
230 7.15637
231 7.16539
232 7.09624
233 7.12428
234 7.11226
235 7.19603
236 7.18099
237 7.1952
238 7.16145
239 7.11819
240 7.18258
241 7.23806
242 7.16314
243 7.13174
244 7.15943
245 7.12975
246 7.07041
247 7.2383
248 7.18155
249 7.22898
250 7.17458
251 7.2401
252 7.138
253 7.18126
254 7.13494
255 7.23445
256 7.26099
257 7.36299
258 7.29469
259 7.18714
260 7.22643
261 7.14409
262 7.15363
263 7.14022
264 7.12329
265 7.05591
266 7.15513
267 7.21769
268 7.17657
269 7.1917
270 7.15242
271 7.09817
272 7.24692
273 7.22178
274 7.21715
275 7.22912
276 7.15282
277 7.19335
278 7.26816
279 7.30303
280 7.199
281 7.29798
282 7.21648
283 7.23622
284 7.22016
285 7.29098
286 7.25978
287 7.16553
288 7.18327
289 7.22519
290 7.20034
291 7.14426
292 7.15986
293 7.20923
294 7.24141
295 7.38856
296 7.29452
297 7.18735
298 7.04513
299 7.0047
300 7.03001
